1   1   1
  4    0    8.5518726600000000e-04
  4    1    6.2344347700000005e-04
  4    2   -3.2562842999999997e-05
  4    3    2.0384283000000001e-05
  4    4    8.6825679999999996e-06
  4    5    1.7998800000000001e-07
  4    6    1.8361663000000000e-05
  4    7    7.3843900000000001e-07
  4    8   -9.7268500000000003e-07
  4    9    3.0478800000000002e-07
  4   10   -1.0093030000000001e-06
  4   11   -9.2665200000000000e-07
  4   12   -1.2857240000000001e-06
  4   13    1.7008900000000001e-07
  4   14    1.5802000000000001e-08
  4   15   -9.5074900000000004e-07
  4   16   -4.8795400000000003e-07
  4   17   -5.2991099999999999e-07
  4   18   -3.4231999999999998e-08
  4   19    5.6720000000000003e-09
  4   20    5.7509999999999997e-09
  4   21   -2.1479920800000001e-04
  4   22   -2.6414593600000003e-04
  4   23    3.0745591999999997e-05
  4   24   -3.9354435000000000e-05
  4   25   -5.4625760000000002e-06
  4   26   -6.8175810000000003e-06
  4   27   -2.3723697999999999e-05
  4   28   -3.1829620000000001e-06
  4   29   -4.5856029999999996e-06
  4   30    5.7308899999999998e-07
  4   31   -2.6113420000000002e-06
  4   32   -3.0681030000000002e-06
  4   33   -2.3253300000000000e-06
  4   34   -9.0532000000000006e-08
  4   35   -2.0600000000000001e-10
  4   36    9.0085300000000000e-07
  4   37   -7.7974300000000005e-07
  4   38   -5.9389299999999996e-07
  4   39    5.8059999999999998e-08
  4   40    1.4800000000000000e-08
  4   41   -2.6073999999999999e-08
  4   42    6.0395449999999998e-05
  4   43    1.8810351000000001e-05
  4   44   -1.8018378999999999e-05
  4   45    4.2730632999999997e-05
  4   46    5.7471569999999997e-06
  4   47    6.1773040000000002e-06
  4   48    8.4302949999999992e-06
  4   49    4.9073100000000003e-07
  4   50    1.5014370000000001e-06
  4   51    3.3503200000000001e-07
  4   52    5.9292589999999996e-06
  4   53   -2.0399690000000002e-06
  4   54   -2.0795280000000001e-06
  4   55   -6.8529099999999999e-07
  4   56   -3.6667399999999999e-07
  4   57    1.1574480000000000e-06
  4   58   -6.1860699999999998e-07
  4   59   -7.1265399999999997e-07
  4   60   -1.0851800000000001e-07
  4   61   -5.5471000000000001e-08
  4   62    1.0748999999999999e-08
  4   63   -5.1348116999999997e-05
  4   64   -4.3628499999999997e-05
  4   65    5.2567489999999999e-06
  4   66    8.3900419999999992e-06
  4   67    4.3677970000000001e-06
  4   68    4.7591400000000001e-06
  4   69    7.3697160000000004e-06
  4   70    1.8237240000000000e-06
  4   71    3.8355069999999999e-06
  4   72    2.8596800000000001e-07
  4   73    2.8744320000000000e-06
  4   74   -3.0626800000000000e-07
  4   75   -8.3525000000000002e-08
  4   76   -6.1557800000000001e-07
  4   77   -4.4784200000000002e-07
  4   78    2.4251540000000001e-06
  4   79   -3.4531699999999999e-07
  4   80   -7.6697000000000002e-08
  4   81   -1.3597600000000000e-07
  4   82   -1.2561000000000000e-07
  4   83   -3.7080000000000000e-09
  4   84    7.9252580000000003e-06
  4   85    5.2060349999999997e-06
  4   86   -2.4056799999999999e-07
  4   87    5.5098269999999999e-06
  4   88    1.0821589999999999e-06
  4   89    2.4674220000000001e-06
  4   90    1.7845349999999999e-06
  4   91    1.3456270000000000e-06
  4   92    1.6282820000000001e-06
  4   93    1.1319100000000000e-07
  4   94    1.5024809999999999e-06
  4   95   -3.8760000000000003e-09
  4   96    1.9102999999999999e-08
  4   97   -5.5776000000000004e-07
  4   98   -5.5836699999999996e-07
  4   99    1.7611200000000001e-07
  4  100   -2.7174200000000003e-07
  4  101   -3.5731099999999999e-07
  4  102   -1.9593799999999999e-07
  4  103   -1.9338500000000001e-07
  4  104    6.1070000000000004e-08
  4  105    1.6034470000000000e-06
  4  106    4.4700460000000004e-06
  4  107    4.2841099999999998e-07
  4  108    4.7987009999999997e-06
  4  109    9.7912699999999998e-07
  4  110    1.9963260000000001e-06
  4  111    2.9731230000000000e-06
  4  112    7.2958000000000005e-07
  4  113    1.2144819999999999e-06
  4  114   -3.5195900000000001e-07
  4  115    2.0737999999999999e-06
  4  116    1.1820800000000000e-07
  4  117    2.9579799999999999e-07
  4  118   -4.9692799999999999e-07
  4  119   -3.8837100000000000e-07
  4  120    8.4284300000000003e-07
  4  121   -1.5255000000000000e-07
  4  122   -4.6576000000000000e-08
  4  123   -2.2226200000000001e-07
  4  124   -1.7392399999999999e-07
  4  125    2.9617000000000000e-08
  4  126    4.1202099999999998e-07
  4  127   -2.8424570000000002e-06
  4  128   -1.3697900000000000e-07
  4  129   -4.1578599999999999e-07
  4  130   -5.1598000000000003e-08
  4  131    3.8947200000000001e-07
  4  132   -1.5250199999999999e-06
  4  133   -7.9918000000000001e-08
  4  134    7.1857000000000006e-08
  4  135   -1.3382600000000000e-07
  4  136   -4.2179300000000000e-07
  4  137   -1.8561999999999999e-07
  4  138   -2.1386899999999999e-07
  4  139   -3.8385399999999999e-07
  4  140   -3.0309499999999998e-07
  4  141    1.8192200000000001e-07
  4  142   -2.1908800000000001e-07
  4  143   -2.7356100000000000e-07
  4  144   -2.7606100000000003e-07
  4  145   -1.7625999999999999e-07
  4  146    3.7172999999999998e-08
  4  147   -3.8533999999999998e-07
  4  148   -7.7233399999999999e-07
  4  149   -4.9129000000000003e-08
  4  150    2.2284300000000001e-07
  4  151   -3.9897700000000001e-07
  4  152   -1.9085600000000000e-07
  4  153    1.6407099999999999e-07
  4  154   -3.2636000000000002e-07
  4  155   -7.7468000000000003e-08
  4  156   -3.6387000000000000e-08
  4  157    7.6772999999999995e-08
  4  158   -2.4141800000000000e-07
  4  159   -2.2892399999999999e-07
  4  160   -2.8289499999999999e-07
  4  161   -2.0282599999999999e-07
  4  162   -9.1730000000000001e-08
  4  163   -2.1801500000000001e-07
  4  164   -2.6513600000000000e-07
  4  165   -2.5023100000000001e-07
  4  166   -1.6756400000000000e-07
  4  167    3.9121999999999998e-08
  4  168    7.6260575999999994e-05
  4  169   -5.6098839999999998e-06
  4  170   -1.5678687000000001e-05
  4  171   -2.5692200000000000e-07
  4  172   -2.9081100000000002e-07
  4  173   -1.3073999999999999e-07
  4  174    2.0757389999999999e-06
  4  175    1.7944900000000001e-06
  4  176   -1.0440000000000000e-08
  4  177    4.1228999999999998e-08
  4  178    6.6545000000000005e-08
  4  179    3.1552400000000001e-07
  4  180    4.8879999999999997e-09
  4  181    2.1412000000000000e-08
  4  182   -4.8630000000000003e-09
  4  183    5.9192920000000002e-05
  4  184   -1.3760510000000000e-06
  4  185   -6.9353590000000001e-06
  4  186    2.1039380000000001e-06
  4  187   -3.2910509999999998e-06
  4  188    2.1566299999999999e-07
  4  189    3.0714669999999999e-06
  4  190    1.8434870000000001e-06
  4  191    4.5436200000000000e-07
  4  192    2.1170100000000000e-07
  4  193    4.9913200000000005e-07
  4  194    4.2692700000000000e-07
  4  195    1.4187000000000000e-08
  4  196    6.3729000000000001e-08
  4  197   -5.0640000000000002e-08
  4  198    5.3166210000000000e-06
  4  199   -4.2937700000000002e-07
  4  200   -1.2263390000000000e-06
  4  201    5.2593000000000000e-07
  4  202    9.8547899999999998e-07
  4  203    6.1639299999999995e-07
  4  204    7.2849800000000004e-07
  4  205    2.2549450000000000e-06
  4  206    8.3026200000000003e-07
  4  207    3.6642599999999998e-07
  4  208    5.7909000000000003e-07
  4  209    1.0714740000000000e-06
  4  210    1.1386900000000000e-07
  4  211    4.4694999999999998e-08
  4  212   -5.9609000000000001e-08
  4  213    9.0676490000000001e-06
  4  214    7.6077800000000001e-07
  4  215   -2.1680499999999999e-06
  4  216   -1.5017369999999999e-06
  4  217   -3.8498530000000000e-06
  4  218   -1.0515000000000000e-07
  4  219    1.5291499999999999e-07
  4  220   -3.1146499999999999e-07
  4  221    7.4604399999999998e-07
  4  222    5.5498300000000004e-07
  4  223   -1.8246100000000001e-07
  4  224   -6.3222999999999996e-08
  4  225    1.2851200000000001e-07
  4  226    5.6313999999999997e-08
  4  227   -7.1914000000000005e-08
  4  228   -2.0433920000000000e-06
  4  229   -4.5294009999999996e-06
  4  230   -5.7494590000000001e-06
  4  231   -1.7572590000000000e-06
  4  232   -2.7172660000000001e-06
  4  233    2.2288100000000000e-07
  4  234   -7.9808800000000002e-07
  4  235   -5.9628999999999995e-07
  4  236    7.0009599999999997e-07
  4  237    5.2360700000000004e-07
  4  238   -1.2269300000000000e-07
  4  239   -5.8764999999999997e-08
  4  240    2.0166200000000000e-07
  4  241    1.4474000000000001e-07
  4  242   -6.2532999999999995e-08
  4  243   -3.0128519999999999e-06
  4  244   -1.5570810000000000e-06
  4  245   -8.5326699999999999e-07
  4  246   -1.4109980000000001e-06
  4  247   -1.1248710000000001e-06
  4  248    4.7100999999999999e-08
  4  249   -4.6044600000000002e-07
  4  250   -1.9890700000000000e-07
  4  251    4.6511900000000000e-07
  4  252    4.8596899999999998e-07
  4  253    3.4873999999999998e-08
  4  254    2.5469000000000001e-08
  4  255    2.8516100000000002e-07
  4  256    2.0739400000000001e-07
  4  257   -6.2323999999999996e-08
  4  258    2.4839700000000000e-07
  4  259   -2.7201499999999999e-07
  4  260   -3.9846300000000001e-07
  4  261    2.4020500000000003e-07
  4  262   -3.2956800000000000e-07
  4  263    1.7519100000000000e-07
  4  264    3.9701100000000001e-07
  4  265    6.0834000000000001e-08
  4  266    4.2395900000000002e-07
  4  267    2.7724200000000002e-07
  4  268    3.7142500000000001e-07
  4  269    1.3180300000000001e-07
  4  270    2.7473000000000003e-07
  4  271    1.4508200000000000e-07
  4  272   -5.1592000000000003e-08
  4  273   -1.0982500000000001e-07
  4  274   -1.8311000000000001e-08
  4  275    7.1793000000000000e-08
  4  276    1.2271000000000000e-08
  4  277    5.7011000000000000e-08
  4  278    1.9261500000000001e-07
  4  279    1.3351399999999999e-07
  4  280    9.9507999999999993e-08
  4  281    3.5871000000000001e-07
  4  282    1.6656999999999999e-07
  4  283    2.9157299999999999e-07
  4  284    2.6888000000000001e-07
  4  285    3.3146700000000001e-07
  4  286    1.3758400000000000e-07
  4  287   -9.5279999999999994e-09
  4  288    1.5895187680000000e-03
  4  289    1.6513129830000000e-03
  4  290    1.5778309499999999e-04
  4  291   -6.4053959999999996e-06
  4  292    1.3811914000000001e-05
  4  293    9.3793000000000003e-07
  4  294    3.2790869000000000e-05
  4  295    2.7196447000000001e-05
  4  296    6.4908870000000003e-06
  4  297   -3.9461499999999999e-07
  4  298   -5.4141000000000002e-08
  4  299    2.2973699999999999e-07
  4  300   -1.1262031000000000e-05
  4  301   -1.4903129000000001e-05
  4  302   -9.7728700000000001e-07
  4  303   -1.7330139999999999e-06
  4  304   -6.0900999999999997e-07
  4  305    1.8571499999999999e-07
  4  306    2.4020510000000000e-06
  4  307    1.1679510000000000e-06
  4  308    1.5360200000000000e-07
  4  309    2.8559899999999999e-07
  4  310   -1.7131000000000000e-08
  4  311   -9.0912000000000000e-08
  4  312    7.8852500000000000e-07
  4  313    6.6315700000000004e-07
  4  314    1.2652600000000000e-07
  4  315    4.7236000000000000e-08
  4  316    6.4940999999999999e-08
  4  317    2.4237000000000001e-08
  4  318   -3.0686300000000001e-07
  4  319   -7.6086499999999998e-07
  4  320   -9.8717999999999998e-08
  4  321   -4.5092999999999999e-08
  4  322    1.6866000000000000e-08
  4  323    2.3984999999999999e-08
  4  324   -7.9296999999999999e-08
  4  325   -1.9549399999999999e-07
  4  326   -5.0949000000000002e-08
  4  327    1.6781000000000000e-08
  4  328    4.6779999999999998e-09
  4  329   -1.0850000000000001e-09
  4  330    6.2297337899999998e-04
  4  331    4.7242501000000002e-04
  4  332    1.4315211999999999e-05
  4  333    3.6486356000000003e-05
  4  334    3.0940590000000001e-06
  4  335   -2.9305309999999999e-06
  4  336   -9.8734602000000000e-05
  4  337   -1.7333764100000001e-04
  4  338    1.3045316000000001e-05
  4  339   -4.5054369999999996e-06
  4  340   -3.2369459999999999e-06
  4  341    3.4383399999999998e-07
  4  342   -2.4633372000000000e-05
  4  343   -4.6841405999999998e-05
  4  344    7.9300950000000002e-06
  4  345   -2.5587630000000000e-06
  4  346   -1.7903579999999999e-06
  4  347    3.3139000000000003e-08
  4  348   -4.2478600000000002e-06
  4  349   -1.1289778000000000e-05
  4  350    1.7792230000000000e-06
  4  351    3.2062100000000000e-07
  4  352   -5.9680000000000002e-08
  4  353    4.1316999999999999e-08
  4  354   -1.5001090000000001e-06
  4  355   -1.3723219999999999e-06
  4  356   -1.3311000000000001e-07
  4  357    8.4732999999999995e-08
  4  358    1.4664000000000000e-08
  4  359    5.7980000000000000e-09
  4  360    1.1022100000000000e-07
  4  361    4.5193400000000000e-07
  4  362   -5.0183000000000000e-08
  4  363   -4.8454999999999999e-08
  4  364   -6.4519999999999996e-09
  4  365   -3.6435000000000002e-08
  4  366   -1.4816300000000000e-07
  4  367    2.3579500000000000e-07
  4  368    4.3880000000000002e-09
  4  369    7.3443000000000005e-08
  4  370   -3.0930000000000000e-09
  4  371    1.2795999999999999e-08
  4  372   -1.8846941300000000e-04
  4  373   -4.7780686099999997e-04
  4  374   -7.1321013000000006e-05
  4  375   -2.4875330000000001e-05
  4  376   -2.6058180000000002e-06
  4  377    4.9572800000000000e-07
  4  378   -3.7179311999999998e-05
  4  379   -6.4057765000000006e-05
  4  380    3.2138440000000000e-06
  4  381   -3.7135570000000002e-06
  4  382   -3.4575660000000001e-06
  4  383   -4.3305300000000001e-07
  4  384   -3.4283226999999998e-05
  4  385   -8.3987598000000003e-05
  4  386   -2.3952450000000001e-06
  4  387   -3.7759370000000001e-06
  4  388   -2.2650730000000000e-06
  4  389   -2.2951400000000000e-07
  4  390    2.8921300000000001e-07
  4  391   -7.6614650000000003e-06
  4  392    7.6928600000000002e-07
  4  393    6.9627599999999998e-07
  4  394   -2.9049499999999998e-07
  4  395    1.2590000000000001e-09
  4  396    9.5977500000000006e-07
  4  397   -2.6456749999999999e-06
  4  398    4.7820599999999999e-07
  4  399    2.5241500000000000e-07
  4  400   -1.1899000000000000e-07
  4  401   -7.3609999999999997e-09
  4  402    1.6183530000000000e-06
  4  403    7.4094900000000005e-07
  4  404    3.1074500000000002e-07
  4  405    9.2052999999999997e-08
  4  406   -5.7143999999999999e-08
  4  407   -1.8156999999999998e-08
  4  408    4.4116499999999999e-07
  4  409    2.4251700000000000e-07
  4  410    2.1800000000000000e-08
  4  411    2.2521000000000000e-08
  4  412   -4.6188999999999998e-08
  4  413    1.7340000000000000e-09
  4  414    6.3344394000000007e-05
  4  415   -4.8630669999999998e-06
  4  416    1.0686480000000001e-06
  4  417    4.3480359999999999e-06
  4  418    5.8356870000000002e-06
  4  419    3.3280200000000002e-07
  4  420   -1.0258622000000001e-05
  4  421   -3.7495510000000002e-06
  4  422    3.5331749999999998e-06
  4  423    1.0387840000000001e-06
  4  424   -8.4239700000000000e-07
  4  425   -7.0121000000000002e-07
  4  426    1.1645813000000000e-05
  4  427    7.6856109999999998e-06
  4  428    5.3500480000000001e-06
  4  429    1.9912190000000000e-06
  4  430   -1.5036750000000000e-06
  4  431   -7.3984499999999997e-07
  4  432   -7.5127269999999998e-06
  4  433   -7.9226399999999998e-07
  4  434    5.3947100000000003e-07
  4  435    1.3159400000000001e-07
  4  436   -6.9131400000000002e-07
  4  437   -2.7105000000000000e-08
  4  438   -1.2406290000000000e-06
  4  439    1.2488310000000000e-06
  4  440    3.9591699999999998e-07
  4  441    1.1980000000000000e-08
  4  442   -3.2333000000000002e-07
  4  443   -3.7280000000000000e-08
  4  444    1.3117830000000000e-06
  4  445    2.6217860000000001e-06
  4  446    1.0007550000000000e-06
  4  447    3.6289500000000002e-07
  4  448   -1.7724000000000000e-08
  4  449    4.4713999999999999e-08
  4  450    4.3289600000000001e-07
  4  451    1.1320830000000001e-06
  4  452    1.3637300000000000e-07
  4  453    3.7615000000000003e-08
  4  454   -3.0838000000000001e-08
  4  455    1.4419999999999999e-08
  4  456   -4.6381512999999999e-05
  4  457   -5.2921832000000000e-05
  4  458   -5.2712499999999997e-06
  4  459    7.1138639999999996e-06
  4  460    3.3081959999999998e-06
  4  461    2.3653270000000001e-06
  4  462    7.7201320000000000e-06
  4  463    8.3791799999999996e-06
  4  464    3.6535860000000001e-06
  4  465    2.4254370000000001e-06
  4  466   -4.3285800000000002e-07
  4  467   -3.7550699999999998e-07
  4  468    1.0477908000000000e-05
  4  469    5.4600060000000000e-06
  4  470    1.6966139999999999e-06
  4  471    3.5668260000000002e-06
  4  472   -3.0940999999999999e-08
  4  473   -1.1776800000000000e-07
  4  474   -3.8977620000000004e-06
  4  475   -4.9552590000000002e-06
  4  476   -4.9192199999999998e-07
  4  477    8.9448999999999996e-08
  4  478   -7.3119800000000003e-07
  4  479   -1.2344000000000000e-08
  4  480   -1.0987200000000001e-06
  4  481   -3.6186430000000001e-06
  4  482   -2.2768000000000001e-07
  4  483   -9.8566999999999998e-08
  4  484   -6.3167499999999997e-07
  4  485   -1.0437500000000001e-07
  4  486    4.0640100000000001e-07
  4  487   -1.4463500000000000e-07
  4  488    5.9572299999999997e-07
  4  489    3.9090399999999999e-07
  4  490   -4.2319999999999998e-08
  4  491    2.2809999999999999e-09
  4  492   -1.1019400000000000e-07
  4  493    6.3262000000000001e-08
  4  494    1.7408200000000001e-07
  4  495    1.0295600000000000e-07
  4  496   -3.5263999999999997e-08
  4  497    2.4062999999999998e-08
  4  498    1.2240540000000001e-06
  4  499    6.2208419999999997e-06
  4  500    4.1877550000000002e-06
  4  501    2.3351060000000001e-06
  4  502    1.6583340000000000e-06
  4  503    1.7909500000000000e-07
  4  504   -3.1602849999999998e-06
  4  505    2.1918200000000001e-07
  4  506    2.4880059999999999e-06
  4  507    1.3509320000000001e-06
  4  508   -8.3453000000000000e-08
  4  509   -2.4482700000000003e-07
  4  510   -1.7208030000000000e-06
  4  511   -6.0000399999999998e-07
  4  512    3.4399549999999999e-06
  4  513    1.4984570000000000e-06
  4  514   -1.9522400000000000e-07
  4  515   -3.7412099999999999e-07
  4  516   -3.3499960000000000e-06
  4  517   -4.2310050000000002e-06
  4  518    6.7754599999999997e-07
  4  519    4.8347999999999997e-08
  4  520   -4.9761099999999999e-07
  4  521   -2.0736400000000000e-07
  4  522   -1.6162520000000000e-06
  4  523   -2.6681060000000001e-06
  4  524    8.8871000000000002e-08
  4  525   -7.4783000000000002e-08
  4  526   -5.7408700000000000e-07
  4  527   -1.9268600000000001e-07
  4  528   -5.8012299999999996e-07
  4  529   -5.4558100000000002e-07
  4  530    7.6817199999999998e-07
  4  531    4.9165799999999999e-07
  4  532   -2.9674000000000002e-08
  4  533    6.8705000000000005e-08
  4  534   -8.8169000000000000e-08
  4  535   -4.5964000000000001e-08
  4  536    2.2055100000000000e-07
  4  537    1.9230600000000000e-07
  4  538   -2.9930999999999998e-08
  4  539    4.8299999999999999e-10
  4  540    1.3176210000000000e-06
  4  541    4.9262569999999996e-06
  4  542    3.9308179999999998e-06
  4  543    3.5989820000000001e-06
  4  544    2.1542629999999999e-06
  4  545    7.0843499999999998e-07
  4  546    1.2969220000000000e-06
  4  547    2.5881130000000000e-06
  4  548    2.0967000000000000e-07
  4  549    6.3636900000000005e-07
  4  550    1.7538900000000001e-07
  4  551   -1.7599700000000001e-07
  4  552   -1.1347539999999999e-06
  4  553    1.8128100000000001e-06
  4  554    1.5490290000000001e-06
  4  555    1.1214630000000000e-06
  4  556    3.3164999999999998e-07
  4  557   -9.1862999999999993e-08
  4  558   -2.0701790000000002e-06
  4  559   -1.1172970000000000e-06
  4  560   -1.0871500000000000e-07
  4  561   -1.1556400000000000e-07
  4  562   -6.1143399999999997e-07
  4  563   -2.7451500000000002e-07
  4  564   -9.9270900000000008e-07
  4  565   -9.8776299999999992e-07
  4  566    1.7157800000000000e-07
  4  567    5.2374000000000003e-08
  4  568   -4.1785699999999998e-07
  4  569   -1.7108700000000000e-07
  4  570   -5.1207200000000001e-07
  4  571   -2.4546300000000001e-07
  4  572    4.6772400000000001e-07
  4  573    4.4662600000000002e-07
  4  574   -4.4648999999999998e-08
  4  575    4.7921999999999997e-08
  4  576   -4.1080000000000003e-09
  4  577   -4.5277000000000002e-08
  4  578    2.5019300000000002e-07
  4  579    2.0346300000000000e-07
  4  580   -3.4375000000000002e-08
  4  581    2.0540999999999998e-08
  4  582   -4.3722300000000002e-07
  4  583   -1.2682579999999999e-06
  4  584    5.7155999999999999e-08
  4  585   -8.5663900000000000e-07
  4  586   -4.3633399999999999e-07
  4  587    6.8408000000000000e-08
  4  588    4.9495899999999995e-07
  4  589   -7.3639999999999998e-09
  4  590   -2.8530000000000000e-09
  4  591   -1.0999800000000000e-07
  4  592   -2.5298799999999999e-07
  4  593   -2.5105700000000000e-07
  4  594    1.2414440000000000e-06
  4  595   -5.0351500000000002e-07
  4  596    4.6381599999999998e-07
  4  597   -1.5620000000000000e-09
  4  598   -2.4690999999999998e-07
  4  599   -2.5543299999999998e-07
  4  600   -5.4011000000000000e-08
  4  601   -5.5953299999999996e-07
  4  602    1.4694800000000000e-07
  4  603   -2.4961399999999997e-07
  4  604   -4.1075499999999997e-07
  4  605   -2.4040800000000002e-07
  4  606    4.3417100000000000e-07
  4  607   -2.1489499999999999e-07
  4  608    9.9486999999999996e-08
  4  609   -3.6069999999999998e-08
  4  610   -2.9562600000000000e-07
  4  611   -1.7148600000000000e-07
  4  612    3.9188300000000002e-07
  4  613   -4.6960000000000003e-09
  4  614    4.0739200000000000e-07
  4  615    2.7605599999999999e-07
  4  616   -3.3060000000000000e-09
  4  617    2.0999999999999999e-08
  4  618    3.0253300000000003e-07
  4  619    1.1765500000000000e-07
  4  620    3.1689500000000001e-07
  4  621    1.8155699999999999e-07
  4  622   -4.3725999999999997e-08
  4  623    5.7880000000000003e-09
  4  624    2.3701900000000001e-07
  4  625    2.7236700000000002e-07
  4  626    3.8977500000000001e-07
  4  627    2.8142999999999999e-08
  4  628    1.0719999999999999e-07
  4  629   -8.0484999999999996e-08
  4  630    3.3739900000000002e-07
  4  631   -3.7694900000000002e-07
  4  632   -3.4402500000000001e-07
  4  633   -3.9287600000000000e-07
  4  634   -2.5576800000000002e-07
  4  635   -1.9445700000000001e-07
  4  636    3.3668000000000001e-08
  4  637   -5.1588799999999999e-07
  4  638   -1.4206700000000000e-07
  4  639   -1.2650000000000000e-07
  4  640   -1.5555000000000001e-07
  4  641   -2.6257000000000000e-07
  4  642   -2.5185000000000000e-08
  4  643    1.2777499999999999e-07
  4  644    8.5594000000000005e-08
  4  645   -7.8551000000000000e-08
  4  646   -2.4197800000000000e-07
  4  647   -2.5775800000000000e-07
  4  648   -7.3094000000000006e-08
  4  649   -5.3507999999999998e-08
  4  650    2.1722699999999999e-07
  4  651   -9.1450000000000002e-09
  4  652   -1.9190400000000000e-07
  4  653   -1.7776200000000000e-07
  4  654    9.8076999999999999e-08
  4  655    1.9989200000000000e-07
  4  656    3.6386100000000000e-07
  4  657    1.9051100000000000e-07
  4  658    8.3210000000000005e-09
  4  659    2.1474000000000001e-08
  4  660    3.5144300000000001e-07
  4  661    2.6773700000000001e-07
  4  662    3.1952600000000000e-07
  4  663    1.5329900000000000e-07
  4  664   -2.8664999999999999e-08
  4  665    8.7199999999999999e-10
 12    0    3.0923627450100000e-01
 12    1    4.3475229692000003e-02
 12    2    8.6590024190000003e-03
 12    3    3.8116934895000003e-02
 12    4   -1.2056824763000001e-02
 12    5   -3.4870615200000002e-03
 12    6    8.4726931460000002e-03
 12    7   -4.2863530560000003e-03
 12    8   -7.1477914299999999e-04
 12    9    5.4910533100000001e-04
 12   10    1.8025679980000001e-03
 12   11    3.2854255399999998e-04
 12   12    1.3996699700000000e-04
 12   13    1.9982203200000001e-04
 12   14    4.8934699000000002e-05
 12   15    1.6131914400000001e-04
 12   16    6.5948453700000003e-04
 12   17    4.1532287899999999e-04
 12   18    8.0981275999999998e-05
 12   19    1.9623486000000001e-05
 12   20    2.9692389999999999e-06
 12   21   -1.3809459930199999e-01
 12   22   -1.3363578859500000e-01
 12   23   -2.2915892119000001e-02
 12   24    9.9155425379999999e-03
 12   25   -2.5710683690000000e-03
 12   26    2.3479142020000001e-03
 12   27    9.7589460859999998e-03
 12   28   -4.9249217939999999e-03
 12   29   -1.1945657810000000e-03
 12   30    7.4272735999999996e-05
 12   31    7.5742891000000004e-04
 12   32   -1.1374372949999999e-03
 12   33   -5.5441902200000003e-04
 12   34    1.5287419999999999e-04
 12   35    6.9565312000000002e-05
 12   36    7.8465196399999998e-04
 12   37    6.2218880800000000e-04
 12   38    4.9700634599999995e-04
 12   39    1.7170692899999999e-04
 12   40    4.8908349000000001e-05
 12   41   -6.2923419999999998e-06
 12   42   -1.0351192869400000e-01
 12   43   -1.0039324241300000e-01
 12   44   -1.0357209120000000e-02
 12   45    1.5502864424000000e-02
 12   46    1.2651887360000001e-03
 12   47   -6.8571106700000004e-04
 12   48    2.6840317030000001e-03
 12   49   -2.8786197259999999e-03
 12   50   -3.9697133690000004e-03
 12   51   -1.6815804200000001e-04
 12   52    1.3896483600000001e-04
 12   53   -1.2457153920000001e-03
 12   54   -1.0468172949999999e-03
 12   55    2.9052864599999999e-04
 12   56    1.7973114100000001e-04
 12   57    1.0327274469999999e-03
 12   58   -1.6382582499999999e-04
 12   59   -1.2965593299999999e-04
 12   60    2.4588569399999999e-04
 12   61    1.0373187700000001e-04
 12   62    1.1581594000000000e-05
 12   63    2.6982882624999999e-02
 12   64    3.9634548630000004e-03
 12   65   -5.5598357130000001e-03
 12   66    1.7623684319999999e-02
 12   67    4.8983918199999997e-04
 12   68    4.4798465300000001e-04
 12   69    2.2304744050000002e-03
 12   70   -6.1288243400000003e-04
 12   71   -2.8432294460000000e-03
 12   72   -1.7365686400000000e-04
 12   73    1.5748244000000000e-03
 12   74   -9.6080588600000005e-04
 12   75   -1.3145026559999999e-03
 12   76    1.9857181000000000e-04
 12   77    2.4525257499999998e-04
 12   78   -8.7894823999999996e-05
 12   79   -7.3383499199999999e-04
 12   80   -6.7428370300000003e-04
 12   81    2.4128872700000001e-04
 12   82    1.8176280400000001e-04
 12   83    2.5850100000000001e-06
 12   84   -1.4401428830000001e-03
 12   85   -1.3680732342999999e-02
 12   86   -2.9687955289999998e-03
 12   87   -7.9456444669999994e-03
 12   88    1.8334008610000000e-03
 12   89    2.6998927970000000e-03
 12   90   -3.7877794730000001e-03
 12   91    4.0140335000000002e-05
 12   92    3.4989293699999997e-04
 12   93   -3.6665785899999998e-04
 12   94   -1.7567940449999999e-03
 12   95   -6.1918184999999997e-04
 12   96   -3.8996375600000002e-04
 12   97    1.8750488000000000e-05
 12   98    1.8987740600000000e-04
 12   99   -4.5991539999999998e-05
 12  100   -5.7718136500000002e-04
 12  101   -3.3192858100000001e-04
 12  102    2.1010413300000000e-04
 12  103    2.2058243000000000e-04
 12  104    1.8900009999999999e-05
 12  105   -2.9458980450000000e-03
 12  106   -8.5200334599999997e-03
 12  107   -2.4093308800000001e-04
 12  108   -3.9003856159999998e-03
 12  109    9.0270733800000005e-04
 12  110    1.9512606840000001e-03
 12  111   -2.6693525319999999e-03
 12  112    1.6124911400000001e-04
 12  113    1.0238609169999999e-03
 12  114   -2.3220462299999999e-04
 12  115   -1.5935727629999999e-03
 12  116   -1.7709839999999999e-04
 12  117    2.3642106000000001e-04
 12  118   -1.6170362000000001e-04
 12  119    2.9460387000000001e-05
 12  120   -3.2973911299999999e-04
 12  121   -2.4771578499999998e-04
 12  122   -1.5395374900000001e-04
 12  123    1.0690497700000000e-04
 12  124    1.5711958900000000e-04
 12  125    6.2223291000000007e-05
 12  126    9.4232123500000002e-04
 12  127    3.2637214550000002e-03
 12  128    3.1332329099999998e-04
 12  129    4.8067276899999998e-04
 12  130    4.5916448200000000e-04
 12  131    9.8286779199999999e-04
 12  132    1.0468301750000001e-03
 12  133    2.7666380899999998e-04
 12  134    9.6796839899999996e-04
 12  135   -1.6654922300000000e-04
 12  136    6.8619784200000004e-04
 12  137    9.0470726000000006e-05
 12  138    3.4913664700000002e-04
 12  139   -2.0131048599999999e-04
 12  140   -8.5626399999999997e-05
 12  141    3.6647347299999998e-04
 12  142   -2.7798339000000001e-05
 12  143    1.0729923299999999e-04
 12  144    5.8780270999999998e-05
 12  145    9.8989915000000000e-05
 12  146    7.1059344000000006e-05
 12  147    3.7718505000000002e-05
 12  148    6.7150759999999999e-04
 12  149    1.0870414900000000e-04
 12  150   -4.2071677800000000e-04
 12  151    6.5151692999999996e-05
 12  152    6.0197957699999996e-04
 12  153   -3.0827841300000002e-04
 12  154    2.0345320500000000e-04
 12  155    6.4577775199999997e-04
 12  156   -1.2647668000000001e-04
 12  157   -3.7000589000000003e-05
 12  158    1.7738430699999999e-04
 12  159    3.8592382100000001e-04
 12  160   -1.5931540200000001e-04
 12  161   -6.5872172999999995e-05
 12  162   -1.3343177800000000e-04
 12  163    3.6761565999999997e-05
 12  164    2.0701156100000001e-04
 12  165   -3.5036047999999999e-05
 12  166    3.4941606999999997e-05
 12  167    4.2000313000000001e-05
 12  168   -2.0804083575000000e-02
 12  169    4.1063018799999997e-03
 12  170    6.1545947650000002e-03
 12  171    1.2026103320000000e-03
 12  172    2.0842795460000001e-03
 12  173   -5.9756314000000001e-05
 12  174   -1.5313912359999999e-03
 12  175   -9.7814781899999994e-04
 12  176   -2.3224897000000000e-04
 12  177   -6.4230851999999997e-05
 12  178   -6.4653368899999998e-04
 12  179   -3.3617653099999998e-04
 12  180   -4.6678553000000002e-05
 12  181    3.4122238000000001e-05
 12  182    3.4921800000000001e-06
 12  183   -2.4899609103999999e-02
 12  184    2.4231587739999999e-03
 12  185    1.1212990579000000e-02
 12  186    2.7415707600000000e-03
 12  187    6.2973334709999999e-03
 12  188    3.7207734799999997e-04
 12  189   -9.0039538499999999e-04
 12  190   -1.1996554000000000e-05
 12  191   -3.0868285300000002e-04
 12  192   -1.7021770000000001e-04
 12  193   -6.3138920700000004e-04
 12  194   -3.0565683100000000e-04
 12  195   -1.0833673500000000e-04
 12  196   -5.6927817000000001e-05
 12  197    1.8191985000000000e-05
 12  198    8.7012168119999997e-03
 12  199   -2.1156175830000000e-03
 12  200   -1.3595369620000000e-03
 12  201    3.5532447400000002e-04
 12  202    3.2201168930000002e-03
 12  203    7.7158244699999999e-04
 12  204    2.4792869400000001e-04
 12  205    1.4784912650000000e-03
 12  206   -8.0162212999999999e-05
 12  207   -1.5877101899999999e-04
 12  208   -1.6243505500000000e-04
 12  209    2.9129744000000002e-04
 12  210   -2.1733159700000000e-04
 12  211   -1.2080522300000000e-04
 12  212    1.6255170000000000e-06
 12  213    4.8073620459999997e-03
 12  214   -8.9811841550000004e-03
 12  215   -3.6708243290000000e-03
 12  216   -4.7365486400000002e-04
 12  217    9.7022781500000004e-04
 12  218    8.4768580899999995e-04
 12  219    1.6486132700000000e-04
 12  220    1.3064577010000000e-03
 12  221    1.1570448900000000e-04
 12  222   -1.3310395100000000e-04
 12  223    2.5121326699999999e-04
 12  224    6.7897224400000002e-04
 12  225   -1.9112210400000000e-04
 12  226   -1.5757941599999999e-04
 12  227   -2.1067341999999999e-05
 12  228    5.9501538679999997e-03
 12  229    5.9714557999999995e-04
 12  230   -1.0787084520000000e-03
 12  231    1.2845762580000000e-03
 12  232   -6.5100607999999999e-04
 12  233    7.1528420000000003e-06
 12  234    9.0625983100000001e-04
 12  235    3.5807488599999998e-04
 12  236    2.8813921999999999e-05
 12  237   -1.1872250700000000e-04
 12  238    3.6681996200000000e-04
 12  239    4.4273072300000000e-04
 12  240   -1.6767450900000001e-04
 12  241   -1.7428139099999999e-04
 12  242   -2.1018358000000000e-05
 12  243    3.9290146419999998e-03
 12  244    5.9108962200000005e-04
 12  245   -1.9891072610000002e-03
 12  246    6.8810780800000000e-04
 12  247   -1.2256859989999999e-03
 12  248    1.8805530600000001e-04
 12  249    7.0082038100000000e-04
 12  250   -2.1599010000000000e-04
 12  251    1.7940574599999999e-04
 12  252   -6.6700673000000003e-05
 12  253    2.6527351200000002e-04
 12  254    1.2738916700000001e-04
 12  255   -8.2125210000000005e-05
 12  256   -1.8928533700000001e-04
 12  257   -2.0667417000000001e-05
 12  258   -3.2790859099999999e-04
 12  259   -5.1320425000000005e-04
 12  260   -1.4637145309999999e-03
 12  261   -5.3381995600000002e-04
 12  262   -1.0432054000000001e-03
 12  263    2.2637995799999999e-04
 12  264   -2.1406205599999999e-04
 12  265   -5.1622196400000003e-04
 12  266    2.6302696300000003e-04
 12  267    8.6848521999999994e-05
 12  268   -1.6604826000000001e-04
 12  269   -2.6273172199999998e-04
 12  270    1.1292910000000001e-06
 12  271   -1.0160318800000000e-04
 12  272   -4.8169079000000002e-05
 12  273   -7.8768882999999997e-05
 12  274    1.0680022500000000e-04
 12  275   -5.9701793699999998e-04
 12  276    2.4629379999999999e-06
 12  277   -5.6258084800000000e-04
 12  278    5.6396678000000001e-05
 12  279   -1.7783143800000000e-04
 12  280   -3.9289137400000000e-04
 12  281    1.5395990699999999e-04
 12  282    1.2932485500000000e-04
 12  283   -5.4365571999999997e-05
 12  284   -2.6943199600000002e-04
 12  285    2.4873927000000000e-05
 12  286   -1.3623883000000000e-05
 12  287   -6.3835533999999995e-05
 12  288   -2.3147056768000000e-02
 12  289   -1.0428635309000001e-01
 12  290   -3.2525350842900003e-01
 12  291    1.1323375340999999e-02
 12  292    7.9575600310000001e-03
 12  293   -5.6558227690000004e-03
 12  294   -1.7104157964999998e-02
 12  295   -8.4836708830000000e-03
 12  296   -4.4509320540000001e-03
 12  297    3.8945514000000000e-05
 12  298    1.2088594550000000e-03
 12  299    3.6518418199999998e-04
 12  300   -3.8429882600000001e-03
 12  301   -8.6666113119999999e-03
 12  302    1.0305592540000000e-03
 12  303    1.5461440799999999e-04
 12  304    9.3226988000000001e-05
 12  305    1.6113511900000001e-04
 12  306    9.2585107000000004e-04
 12  307   -2.6473414690000000e-03
 12  308    4.7347525099999998e-04
 12  309   -3.5739935999999998e-05
 12  310   -2.1581371000000000e-05
 12  311    2.4321021000000001e-05
 12  312   -1.5852457610000001e-03
 12  313   -1.0552154200000000e-03
 12  314   -2.1308081800000000e-04
 12  315    6.3911669999999996e-06
 12  316   -1.4140670000000001e-06
 12  317   -1.1627314000000000e-05
 12  318   -3.9145158400000001e-04
 12  319   -3.6484135600000001e-04
 12  320   -6.4162459999999997e-06
 12  321    4.4145009999999999e-05
 12  322    1.6851670000000001e-05
 12  323   -2.8326019999999998e-06
 12  324    8.6018642999999994e-05
 12  325    2.1343332000000000e-05
 12  326    8.5077918000000003e-05
 12  327    7.0535730000000000e-06
 12  328   -5.1376170000000004e-06
 12  329   -1.9952689999999999e-05
 12  330    1.6908973545600001e-01
 12  331   -4.4928456367999997e-02
 12  332   -9.7318803782999994e-02
 12  333    4.4579589640000002e-03
 12  334    2.2768371089999999e-03
 12  335   -1.3016379979999999e-03
 12  336   -2.6547906735000001e-02
 12  337    2.1010916437999998e-02
 12  338   -5.6010229440000003e-03
 12  339   -2.4315911850000000e-03
 12  340    1.5111740310000000e-03
 12  341    7.8390599000000005e-04
 12  342   -1.6886047476000001e-02
 12  343   -4.1265266999999998e-04
 12  344   -4.3676383929999998e-03
 12  345   -1.3307953079999999e-03
 12  346    5.1773954400000002e-04
 12  347    4.1733381800000002e-04
 12  348    3.7094740590000001e-03
 12  349    3.6508801230000000e-03
 12  350   -1.9855054740000001e-03
 12  351   -1.3479081000000001e-05
 12  352    2.6474999299999999e-04
 12  353   -1.0873754000000000e-05
 12  354   -5.7907137300000004e-04
 12  355    3.4316862399999998e-04
 12  356   -2.0941058700000000e-04
 12  357   -8.4705548000000002e-05
 12  358    3.1151232000000002e-05
 12  359    1.0602774000000000e-05
 12  360   -7.4584891099999996e-04
 12  361   -4.7405359100000002e-04
 12  362    1.4009307000000001e-04
 12  363    3.2604760000000001e-06
 12  364    7.5109149999999997e-06
 12  365    1.1189595000000000e-05
 12  366   -9.5267518999999994e-05
 12  367   -2.2745257100000000e-04
 12  368    4.5109560000000001e-06
 12  369   -8.0806940000000007e-06
 12  370    8.3329829999999998e-06
 12  371   -2.8074249000000000e-05
 12  372   -1.0006669688900000e-01
 12  373   -1.8845463890999999e-02
 12  374    2.7677037187999999e-02
 12  375    6.7591410330000001e-03
 12  376    7.9505640500000005e-04
 12  377    1.6314604830000000e-03
 12  378    1.9373229889000001e-02
 12  379    2.5800013766000000e-02
 12  380   -6.5691261650000004e-03
 12  381   -4.2963261890000002e-03
 12  382   -2.5874060699999999e-04
 12  383    2.1856397800000001e-04
 12  384    2.6075191506000000e-02
 12  385    2.0289910384000000e-02
 12  386   -3.1630692420000000e-03
 12  387   -1.5305802119999999e-03
 12  388    4.6762879999999998e-05
 12  389    1.5866059299999999e-04
 12  390    2.5314512540000000e-03
 12  391    1.0165583771000001e-02
 12  392   -7.8842970100000001e-04
 12  393   -3.0286002600000002e-04
 12  394    3.4872909399999999e-04
 12  395    1.2234539100000000e-04
 12  396    2.7954120230000001e-03
 12  397    5.4571504009999997e-03
 12  398    2.0848352499999999e-04
 12  399   -2.6712251300000002e-04
 12  400    1.0221903100000000e-04
 12  401    1.6198753999999999e-05
 12  402    6.9834730199999997e-04
 12  403    1.0954786079999999e-03
 12  404   -5.6544071000000000e-05
 12  405   -1.1834656600000000e-04
 12  406    1.3101138000000000e-05
 12  407   -9.9293229999999995e-06
 12  408   -4.3422024399999997e-04
 12  409   -1.7935673400000000e-04
 12  410   -1.5037821600000001e-04
 12  411   -5.7418401000000002e-05
 12  412   -2.7740300000000001e-07
 12  413    1.9245530999999999e-05
 12  414   -5.6889927271000000e-02
 12  415   -4.3992974853000001e-02
 12  416    1.0076659104000000e-02
 12  417    6.9030167169999998e-03
 12  418    1.7255670580000001e-03
 12  419    1.0213716600000000e-03
 12  420    1.8270545797000000e-02
 12  421   -6.2926988809999997e-03
 12  422   -8.3833468100000003e-04
 12  423   -2.8732826250000001e-03
 12  424   -1.7173737240000000e-03
 12  425   -3.7818380099999998e-04
 12  426    1.7436136884999998e-02
 12  427   -5.7058313939999999e-03
 12  428    3.5052285499999997e-04
 12  429   -3.5127107989999999e-03
 12  430   -1.4301125630000000e-03
 12  431   -1.9388173999999999e-04
 12  432   -2.7477097820000000e-03
 12  433    8.6011715600000001e-04
 12  434    9.4954013900000001e-04
 12  435   -2.8684525000000001e-04
 12  436    5.1297359000000002e-05
 12  437    2.0885980100000001e-04
 12  438    2.4090879769999999e-03
 12  439    3.7568489489999998e-03
 12  440    5.4910945200000003e-04
 12  441   -1.0967731200000000e-04
 12  442    1.0877813500000000e-04
 12  443    1.0378182200000000e-04
 12  444    4.7993216900000000e-04
 12  445    1.2523060780000000e-03
 12  446   -2.0741784999999999e-04
 12  447   -2.9107912200000002e-04
 12  448    1.9471551000000001e-05
 12  449   -1.3897540000000000e-05
 12  450   -2.1959696299999999e-04
 12  451    2.7193804199999999e-04
 12  452   -2.3545215200000000e-04
 12  453   -1.1746627600000000e-04
 12  454   -1.4655286000000000e-05
 12  455    1.6520060000000000e-06
 12  456    2.3317458257000000e-02
 12  457   -5.8356627190000003e-03
 12  458    2.8004133255999999e-02
 12  459    2.7129849230000001e-03
 12  460    2.0763692680000000e-03
 12  461   -1.7898686800000001e-04
 12  462   -2.7470155600000002e-03
 12  463   -8.9596917769999996e-03
 12  464    2.8800875729999998e-03
 12  465   -1.6880913830000001e-03
 12  466   -1.3183830340000001e-03
 12  467   -5.6368236899999996e-04
 12  468   -3.5520332700000000e-04
 12  469   -6.3609185130000002e-03
 12  470    2.8271448599999998e-03
 12  471   -2.6000942800000000e-03
 12  472   -1.6359065419999999e-03
 12  473   -6.7391835999999999e-04
 12  474   -4.4334889180000000e-03
 12  475   -2.7854396850000001e-03
 12  476    1.9527786849999999e-03
 12  477   -4.1469764700000002e-04
 12  478    1.4586942000000001e-05
 12  479    2.2363900500000001e-04
 12  480   -5.6863232400000002e-04
 12  481    1.3534395810000000e-03
 12  482    6.3544502600000000e-04
 12  483    9.7824050000000001e-06
 12  484    2.1254342599999999e-04
 12  485    1.5044329399999999e-04
 12  486   -2.0144747599999999e-04
 12  487    8.1944891400000000e-04
 12  488   -5.3280893000000001e-05
 12  489   -1.8971355200000001e-04
 12  490   -6.1692632000000000e-05
 12  491    1.9109294000000000e-05
 12  492    1.3099760600000001e-04
 12  493    5.4563313100000003e-04
 12  494   -2.4829513200000001e-04
 12  495   -1.5826472899999999e-04
 12  496   -5.3069500000000001e-06
 12  497   -2.9639000000000002e-08
 12  498   -5.7847759869999998e-03
 12  499   -1.2520467937000001e-02
 12  500   -4.8731068039999997e-03
 12  501   -4.9094295070000000e-03
 12  502   -1.7586182869999999e-03
 12  503    1.3700550299999999e-04
 12  504    2.8513266529999999e-03
 12  505   -2.3807336290000000e-03
 12  506    1.4856077180000001e-03
 12  507   -6.0583257999999998e-05
 12  508   -6.2856472000000002e-04
 12  509   -5.8337605200000004e-04
 12  510    6.9575469040000001e-03
 12  511   -2.8783275299999999e-04
 12  512    1.8980709190000000e-03
 12  513    5.5662920800000004e-04
 12  514   -3.0378419800000000e-04
 12  515   -4.0260626000000001e-04
 12  516    3.9780146700000001e-04
 12  517   -2.7830020789999998e-03
 12  518   -4.0168661100000000e-04
 12  519   -2.3783747599999999e-04
 12  520   -1.5308474000000000e-05
 12  521    1.9389254900000001e-04
 12  522    7.4018459199999998e-04
 12  523   -4.6546398500000002e-04
 12  524    1.1940248300000000e-04
 12  525    1.1663486000000000e-04
 12  526    1.6208841600000000e-04
 12  527    2.2742058299999999e-04
 12  528    7.7801670299999998e-04
 12  529    2.9765322600000001e-04
 12  530   -4.0323995000000002e-05
 12  531   -1.4264186300000001e-04
 12  532   -1.7854900000000001e-05
 12  533    2.4508629000000000e-05
 12  534    3.7217262800000003e-04
 12  535    3.7407451600000001e-04
 12  536   -2.2292249599999999e-04
 12  537   -2.0856998500000000e-04
 12  538   -2.0441270000000002e-05
 12  539   -1.2520179000000000e-05
 12  540   -3.2086309409999998e-03
 12  541   -7.5953906570000000e-03
 12  542   -4.0161369969999999e-03
 12  543   -2.8827490840000001e-03
 12  544   -1.4322463740000001e-03
 12  545   -2.4932658400000002e-04
 12  546    7.7558082199999997e-04
 12  547   -1.4141477920000000e-03
 12  548    1.0966479200000001e-03
 12  549    2.6769144900000002e-04
 12  550   -1.8671682500000000e-04
 12  551   -2.4634194599999998e-04
 12  552    3.5483397740000001e-03
 12  553    4.6149048900000000e-04
 12  554    1.6753492140000000e-03
 12  555    1.2575116010000000e-03
 12  556    2.4146986699999999e-04
 12  557   -1.0200256400000000e-04
 12  558    1.8188626800000001e-04
 12  559   -2.3181395200000000e-03
 12  560   -3.1690889999999998e-05
 12  561   -3.7861158000000001e-05
 12  562   -1.1661842700000000e-04
 12  563    1.6078725099999999e-04
 12  564    5.4072698500000002e-04
 12  565   -1.0428336589999999e-03
 12  566    2.9368256799999998e-04
 12  567    4.0681098000000000e-05
 12  568    6.6832552999999999e-05
 12  569    1.7520206000000001e-04
 12  570    7.3030244200000002e-04
 12  571   -1.7673218200000001e-04
 12  572    1.6695492800000001e-04
 12  573   -4.0753039999999997e-05
 12  574    4.8634209999999997e-05
 12  575    3.7020778999999999e-05
 12  576    3.3804708999999998e-04
 12  577    1.7174061200000000e-04
 12  578   -5.6474117000000002e-05
 12  579   -1.8754145100000001e-04
 12  580   -4.1009664000000003e-05
 12  581   -2.0167510000000000e-06
 12  582    7.7188764699999998e-04
 12  583    2.0868633310000000e-03
 12  584   -8.1855941000000002e-05
 12  585    9.1789492300000004e-04
 12  586    7.0993018400000002e-04
 12  587    3.5561867000000002e-04
 12  588   -1.0854806460000000e-03
 12  589   -1.4287331699999999e-04
 12  590    4.9351789099999998e-04
 12  591    3.6699016900000001e-04
 12  592    8.0705955000000000e-05
 12  593    6.2245479999999999e-06
 12  594   -1.2767698110000001e-03
 12  595    8.6018444999999999e-05
 12  596    1.2669429649999999e-03
 12  597    9.3422929199999999e-04
 12  598    2.9712519000000003e-04
 12  599    1.3773215700000000e-04
 12  600   -6.0165684200000000e-04
 12  601   -1.2656675320000001e-03
 12  602    3.9555189000000000e-05
 12  603   -9.8567874999999993e-05
 12  604   -1.8300339900000000e-04
 12  605    6.1383740000000003e-05
 12  606   -6.1772361199999997e-04
 12  607   -1.0145831880000000e-03
 12  608    2.6264639699999999e-04
 12  609   -2.8554930000000000e-06
 12  610   -6.1441650000000002e-05
 12  611    7.9427562999999997e-05
 12  612   -1.7958466800000001e-04
 12  613   -5.1448881999999999e-04
 12  614    2.5252420200000002e-04
 12  615    9.8898787000000000e-05
 12  616   -1.0417653000000000e-05
 12  617    5.7068226000000001e-05
 12  618   -1.8264701300000000e-04
 12  619   -2.5839644300000000e-04
 12  620   -2.3582880000000000e-06
 12  621   -1.1810294600000000e-04
 12  622   -7.0398746999999996e-05
 12  623    4.2447140000000002e-06
 12  624   -1.8558898899999999e-04
 12  625    1.6671848800000000e-04
 12  626   -7.3335165600000001e-04
 12  627   -4.0486615200000003e-04
 12  628   -3.3387397999999999e-05
 12  629   -1.2908566600000000e-04
 12  630   -4.1115802199999998e-04
 12  631   -1.5643545999999999e-05
 12  632    5.2424486999999997e-05
 12  633    2.4428275399999999e-04
 12  634    1.8901031599999999e-04
 12  635    4.7585610000000001e-05
 12  636   -1.8251439600000001e-04
 12  637    2.7860077899999997e-04
 12  638    5.9853377100000001e-04
 12  639    5.6453492200000000e-04
 12  640    4.0437017800000003e-04
 12  641    2.2455080700000001e-04
 12  642    1.1039471000000000e-04
 12  643   -5.3294905500000001e-04
 12  644   -4.3540045999999999e-05
 12  645   -9.8520855999999993e-05
 12  646   -1.5501259600000000e-04
 12  647   -4.8955371999999999e-05
 12  648   -6.2919274000000001e-05
 12  649   -5.4699387800000003e-04
 12  650    8.6312572000000001e-05
 12  651    4.6361612000000000e-05
 12  652   -7.6761439000000000e-05
 12  653    4.1834140000000003e-05
 12  654   -1.4167644100000000e-04
 12  655   -3.7652602299999998e-04
 12  656    1.6721157399999999e-04
 12  657    1.0987884799999999e-04
 12  658   -3.1545988000000000e-05
 12  659    6.6622870000000007e-05
 12  660   -4.2895902000000003e-05
 12  661   -2.5922416799999999e-04
 12  662    1.4623178000000001e-05
 12  663   -2.4582902000000000e-05
 12  664   -6.0204107999999997e-05
 12  665   -2.2451980000000001e-06
 21    0   -1.1416995918500000e-01
 21    1    7.6290775433999994e-02
 21    2   -3.1703749436000003e-02
 21    3   -2.1036947120999999e-02
 21    4   -5.5232125610000004e-03
 21    5   -1.5891371580000000e-03
 21    6   -3.1133526499999998e-03
 21    7    1.6753117200000000e-04
 21    8   -5.7051417999999998e-04
 21    9   -3.8034489800000001e-04
 21   10   -5.2159297499999998e-04
 21   11   -1.0614571700000000e-04
 21   12    1.2158469300000000e-04
 21   13   -1.4312207500000000e-04
 21   14   -6.1572183999999996e-05
 21   15   -1.0562580500000000e-04
 21   16   -4.1131112000000003e-05
 21   17   -2.8278362699999998e-04
 21   18   -5.5111846999999998e-05
 21   19   -2.3729378000000000e-05
 21   20   -7.2194669999999998e-06
 21   21   -1.0088624122299999e-01
 21   22   -9.6397911719999993e-03
 21   23    1.0054407947999999e-02
 21   24   -1.9143680438999999e-02
 21   25   -1.9061127051000000e-02
 21   26   -1.4078963666000000e-02
 21   27   -8.5009507699999997e-03
 21   28   -2.5854569759999999e-03
 21   29   -2.6619432219999999e-03
 21   30    2.6197667599999998e-04
 21   31    7.3559376999999995e-04
 21   32    6.9596311900000003e-04
 21   33    6.5524263999999994e-05
 21   34    2.2371470599999999e-04
 21   35   -3.8487946000000000e-05
 21   36    2.5654110300000002e-04
 21   37   -3.7923565100000001e-04
 21   38   -4.1114020499999999e-04
 21   39   -1.7202307399999999e-04
 21   40   -6.3525088000000000e-05
 21   41    1.3496810000000000e-05
 21   42    1.2237981539700001e-01
 21   43    1.2930467781300001e-01
 21   44    2.4468761779999999e-03
 21   45    7.3761615550000000e-03
 21   46   -8.4997880559999992e-03
 21   47   -6.8207010420000000e-03
 21   48   -6.1934971230000000e-03
 21   49   -1.5220636760000000e-03
 21   50    5.1154444000000004e-04
 21   51    8.8181565399999997e-04
 21   52    1.2212482160000001e-03
 21   53    2.8962363000000001e-05
 21   54    9.4768630000000001e-05
 21   55    5.1328545599999996e-04
 21   56    3.8492377999999997e-05
 21   57   -2.1873490299999999e-04
 21   58   -2.1175788299999999e-04
 21   59   -3.8249756699999999e-04
 21   60   -4.6125210000000003e-06
 21   61   -4.8638798000000000e-05
 21   62   -4.5324029999999997e-05
 21   63   -3.3561620908000002e-02
 21   64   -8.5626043829999995e-03
 21   65   -2.8469539700000000e-04
 21   66   -2.3357187926000000e-02
 21   67    1.8159847529999999e-03
 21   68    8.4235619600000003e-04
 21   69   -2.8320478970000002e-03
 21   70   -9.8378760000000005e-06
 21   71    2.0760550760000000e-03
 21   72    6.7918905900000005e-04
 21   73   -8.9592940199999997e-04
 21   74   -2.1935742799999999e-04
 21   75    6.9275483100000000e-04
 21   76    5.3492759800000003e-04
 21   77   -7.5734920000000002e-06
 21   78    8.6133820900000004e-04
 21   79    1.8406976199999999e-04
 21   80   -6.1312400999999995e-05
 21   81    2.0069004000000001e-04
 21   82   -7.4607457000000003e-05
 21   83   -3.3991583999999998e-05
 21   84    1.9867190820000002e-03
 21   85   -5.4276514130000000e-03
 21   86    4.4411185370000000e-03
 21   87   -1.9047793390000001e-03
 21   88    1.0205647419999999e-03
 21   89   -6.6515959400000003e-04
 21   90   -1.7118994500000000e-03
 21   91    6.8023544800000001e-04
 21   92    8.7000865000000000e-05
 21   93    7.9877904600000004e-04
 21   94   -1.0369611770000000e-03
 21   95    3.2495687099999999e-04
 21   96    1.6822090900000001e-04
 21   97    5.9892148999999997e-04
 21   98    1.2258453400000000e-04
 21   99   -3.2277802700000002e-04
 21  100    1.6681130500000000e-04
 21  101   -4.8357878000000000e-05
 21  102    2.5150751100000001e-04
 21  103   -5.4523349000000001e-05
 21  104   -8.3757007000000004e-05
 21  105    4.2485148640000001e-03
 21  106    1.9235003269000000e-02
 21  107    1.3679397880000000e-03
 21  108    3.0019657029999999e-03
 21  109    6.3948529699999997e-04
 21  110    3.6836328999999998e-05
 21  111    2.3755988999999999e-03
 21  112    9.1950720000000003e-04
 21  113    4.2779323099999999e-04
 21  114    5.5413099700000004e-04
 21  115    2.5029904490000000e-03
 21  116    4.5005024700000000e-04
 21  117    1.7252184700000000e-04
 21  118    5.4097900100000002e-04
 21  119    9.4661347999999999e-05
 21  120    2.8690697000000001e-05
 21  121    2.7102710199999999e-04
 21  122    1.9892088800000000e-04
 21  123    2.8584961899999999e-04
 21  124   -1.3768746999999999e-05
 21  125   -1.3184291800000001e-04
 21  126   -2.4411938000000000e-05
 21  127   -2.7454216330000001e-03
 21  128    1.4764898600000000e-04
 21  129   -1.2450262140000000e-03
 21  130   -4.3809120000000002e-05
 21  131    2.9499289400000000e-04
 21  132   -2.0522279210000000e-03
 21  133    2.6691628199999997e-04
 21  134    2.2392908899999999e-04
 21  135    3.0441730400000000e-04
 21  136   -1.7251943939999999e-03
 21  137    3.2739893300000002e-04
 21  138    2.4923671900000001e-04
 21  139    2.3660671700000000e-04
 21  140    1.9560244999999999e-05
 21  141   -9.2574402099999996e-04
 21  142    2.3348301800000000e-04
 21  143    3.0078370599999999e-04
 21  144    1.8145343100000000e-04
 21  145   -4.2102947999999998e-05
 21  146   -8.4813414000000002e-05
 21  147   -6.3677690100000001e-04
 21  148    6.9852672000000006e-05
 21  149   -3.7550618099999999e-04
 21  150    7.4176936500000004e-04
 21  151   -2.6599431400000002e-04
 21  152   -3.6860031300000001e-04
 21  153    2.0112261399999999e-04
 21  154    9.5387879999999997e-06
 21  155   -1.6650386399999999e-04
 21  156    1.2228345000000001e-04
 21  157   -7.7977604000000001e-05
 21  158    1.1655461300000000e-04
 21  159   -3.2126820000000001e-06
 21  160    9.2940977000000000e-05
 21  161   -1.8310026000000000e-05
 21  162   -1.9974717499999999e-04
 21  163    1.7748952200000000e-04
 21  164    6.9045984999999995e-05
 21  165    8.5570955999999997e-05
 21  166   -3.5845125000000002e-05
 21  167   -4.3258148999999999e-05
 21  168    6.0677359249999997e-03
 21  169    1.5060357949000000e-02
 21  170    7.6883429869999999e-03
 21  171   -2.7859105910000002e-03
 21  172   -1.8139341480000000e-03
 21  173   -3.8295957199999998e-04
 21  174    2.2524865000000000e-04
 21  175    4.6040019400000001e-04
 21  176    3.3638690000000000e-05
 21  177    7.2198683999999993e-05
 21  178    5.7967307000000000e-04
 21  179    8.5851397999999997e-05
 21  180    1.4674084600000000e-04
 21  181   -4.5186589000000002e-05
 21  182   -1.9660200000000000e-06
 21  183    4.9375760120000001e-02
 21  184    1.5576775736000000e-02
 21  185    8.8545898860000003e-03
 21  186   -8.9897717499999997e-04
 21  187   -3.7194130600000002e-03
 21  188   -1.5617941560000001e-03
 21  189    1.1324238349999999e-03
 21  190    3.9258066700000000e-04
 21  191   -4.0918514000000003e-05
 21  192    8.0762474000000000e-05
 21  193    5.0572011499999995e-04
 21  194    5.0930138499999996e-04
 21  195    6.7839980999999996e-05
 21  196    4.2934235000000002e-05
 21  197    8.7238019999999999e-06
 21  198    4.6155122809999997e-03
 21  199    4.0432382349999997e-03
 21  200    1.0299235969000000e-02
 21  201    4.2328047880000001e-03
 21  202    1.2979395399999999e-03
 21  203   -1.4375191460000000e-03
 21  204    3.7942779500000002e-04
 21  205   -1.0743391800000000e-04
 21  206   -7.9559659100000000e-04
 21  207   -1.0474840699999999e-04
 21  208    3.2710057500000002e-04
 21  209    3.8183507499999999e-04
 21  210   -1.2017815600000000e-04
 21  211    4.5982183999999998e-05
 21  212   -3.4674620000000001e-06
 21  213    2.4753408230000001e-03
 21  214    1.3003001517000000e-02
 21  215    6.6445802370000001e-03
 21  216    3.4232752610000002e-03
 21  217    1.2888320049999999e-03
 21  218   -1.6930409870000000e-03
 21  219    1.1224740560000000e-03
 21  220   -1.4589583000000000e-05
 21  221   -1.2030138179999999e-03
 21  222   -2.3022199300000001e-04
 21  223    3.1611504200000000e-04
 21  224    1.0432333400000000e-04
 21  225   -3.1038764200000000e-04
 21  226    5.5349098000000003e-05
 21  227    7.7612627000000003e-05
 21  228   -8.8653563799999998e-04
 21  229   -1.9851074300000001e-04
 21  230   -3.2637624900000000e-04
 21  231    3.3881374900000003e-04
 21  232    6.2408587100000002e-04
 21  233   -4.8801063400000000e-04
 21  234    3.2101929699999998e-04
 21  235    7.0741517999999996e-05
 21  236   -7.8691172499999998e-04
 21  237   -2.0530486500000000e-04
 21  238    1.9793476900000000e-04
 21  239    1.0326764000000000e-04
 21  240   -3.7140804900000001e-04
 21  241    2.8723160000000000e-05
 21  242    1.0610743699999999e-04
 21  243   -7.3400479569999998e-03
 21  244   -1.3272613520000000e-03
 21  245   -5.0529913899999995e-04
 21  246   -1.3803775680000000e-03
 21  247   -4.6115716700000000e-04
 21  248   -4.3642994299999998e-04
 21  249   -9.2222454400000002e-04
 21  250   -2.3213185699999999e-04
 21  251   -4.2195497999999998e-04
 21  252   -3.2358803000000001e-05
 21  253   -1.6288361000000001e-05
 21  254   -1.7092782999999999e-04
 21  255   -3.1700629100000002e-04
 21  256    8.3049118999999996e-05
 21  257    6.6719744000000005e-05
 21  258    1.6876951000000000e-04
 21  259    4.3444759000000002e-05
 21  260    5.1299200399999997e-04
 21  261    1.4602126300000001e-04
 21  262    7.1073322000000003e-05
 21  263   -3.9605790700000001e-04
 21  264    2.2343007900000000e-04
 21  265    3.9036908000000001e-05
 21  266   -4.0575163500000000e-04
 21  267   -9.7452278999999998e-05
 21  268    1.9354008500000001e-04
 21  269   -8.4351356000000007e-05
 21  270   -2.7713567199999999e-04
 21  271    7.9147100000000001e-07
 21  272    7.6009154000000005e-05
 21  273   -3.1869720899999998e-04
 21  274   -2.1508952199999999e-04
 21  275    4.1904115700000001e-04
 21  276   -1.7917395799999999e-04
 21  277    1.2977784600000001e-04
 21  278   -1.1453291400000000e-04
 21  279   -8.8010021000000003e-05
 21  280   -9.5718131999999995e-05
 21  281   -1.4098251500000000e-04
 21  282   -1.2774092999999999e-05
 21  283   -1.0080257000000000e-05
 21  284   -6.9763130999999994e-05
 21  285   -8.3151627000000006e-05
 21  286    2.7396662000000001e-05
 21  287    7.3145822999999996e-05
 21  288   -2.9297612778560000e+00
 21  289   -9.7484008327899996e-01
 21  290    3.7903476491200000e-01
 21  291   -4.2975589157999997e-02
 21  292   -1.5904976517999998e-02
 21  293    6.1419607250000003e-03
 21  294   -2.9483984050000002e-03
 21  295   -6.4293823139999996e-03
 21  296   -6.1082481130000001e-03
 21  297    2.1512420909999999e-03
 21  298   -2.0824648200000001e-04
 21  299   -1.4084472699999999e-04
 21  300   -8.5835609040000004e-03
 21  301    4.5710728890000002e-03
 21  302   -2.0700734769999998e-03
 21  303   -8.8349576399999997e-04
 21  304    1.8763237200000000e-04
 21  305   -4.0768213000000003e-05
 21  306   -1.9159239390000001e-03
 21  307    1.8300098400000000e-04
 21  308   -1.7710340599999999e-04
 21  309   -1.4135058000000001e-04
 21  310    6.5774589999999998e-05
 21  311   -7.0093297000000000e-05
 21  312    1.3179096310000000e-03
 21  313    3.5835467399999998e-04
 21  314    3.5260939000000000e-04
 21  315    6.8619600000000003e-06
 21  316   -1.4871980000000000e-05
 21  317    7.0159809999999999e-06
 21  318    4.5140010599999998e-04
 21  319    2.0135153199999999e-04
 21  320    1.9612329400000000e-04
 21  321   -9.8488680000000007e-06
 21  322    8.2750559999999994e-06
 21  323    2.8877890000000000e-06
 21  324   -1.3944773000000000e-05
 21  325   -1.1722869700000000e-04
 21  326   -2.8178207999999999e-05
 21  327    2.2044300000000001e-07
 21  328    8.3228230000000006e-06
 21  329    2.0059511000000000e-05
 21  330   -6.6872466273999995e-02
 21  331    1.4001396536499999e-01
 21  332    7.0812851861000004e-02
 21  333   -2.3467771559999998e-03
 21  334   -8.9088460099999997e-04
 21  335    3.6767325700000000e-04
 21  336    3.0013092860999999e-02
 21  337   -1.5629755831000000e-02
 21  338   -2.0641617521000001e-02
 21  339    3.0466145300000001e-03
 21  340   -2.9823897799999998e-04
 21  341   -4.6599623700000002e-04
 21  342    1.7419876854000000e-02
 21  343   -9.3565028289999998e-03
 21  344   -1.0875732887000000e-02
 21  345    6.4343685699999999e-04
 21  346   -7.4314172999999993e-05
 21  347   -2.3644490899999999e-04
 21  348    3.0317958460000000e-03
 21  349    3.0109625920000001e-03
 21  350    1.4665967609999999e-03
 21  351    1.5530622900000000e-04
 21  352   -1.1290276900000000e-04
 21  353   -1.3645400999999999e-05
 21  354    1.3857984780000000e-03
 21  355    8.5640268700000000e-04
 21  356    6.0842221999999998e-05
 21  357    6.8711040000000003e-05
 21  358   -6.5087016999999995e-05
 21  359   -3.2217342999999998e-05
 21  360    1.0530007800000000e-04
 21  361   -3.2526883200000001e-04
 21  362   -1.3783189200000000e-04
 21  363    2.5371237999999999e-05
 21  364    1.1967029000000000e-05
 21  365   -1.9329292000000000e-05
 21  366   -2.5555888800000000e-04
 21  367    1.0071795300000001e-04
 21  368    6.1672048000000000e-05
 21  369   -6.8879639999999998e-06
 21  370   -1.8258785000000001e-05
 21  371    2.4964623000000001e-05
 21  372   -5.9637861410999998e-02
 21  373   -1.4253033596699999e-01
 21  374   -3.2356796048000000e-02
 21  375   -3.7440995309999999e-03
 21  376    5.3120563500000004e-04
 21  377   -5.8053854899999999e-04
 21  378    1.2499225833000000e-02
 21  379   -3.0628898086000000e-02
 21  380   -1.3861608998000000e-02
 21  381   -2.4360421199999999e-04
 21  382   -3.0263672699999998e-04
 21  383   -2.5596927499999997e-04
 21  384   -3.2433463740000001e-03
 21  385   -1.7249792101999999e-02
 21  386   -1.1865018819000000e-02
 21  387   -2.8259797999999998e-04
 21  388   -2.3258570400000000e-04
 21  389   -3.0374775999999999e-04
 21  390    1.5998228295000000e-02
 21  391    4.8282421000000004e-03
 21  392    4.3400477599999998e-04
 21  393    1.2563858580000001e-03
 21  394    8.8390166999999996e-05
 21  395   -1.2549673900000001e-04
 21  396    2.7790406550000000e-03
 21  397   -6.3902090399999998e-04
 21  398   -9.0828896000000000e-04
 21  399    3.7829967700000002e-04
 21  400   -3.7072993000000003e-05
 21  401   -6.2933200000000001e-06
 21  402   -4.6384641499999999e-04
 21  403   -4.4896458799999997e-04
 21  404   -3.5905602700000001e-04
 21  405    8.0753696000000001e-05
 21  406    9.2795399999999992e-06
 21  407    1.1183843000000001e-05
 21  408    2.2479326200000000e-04
 21  409    2.8609860700000000e-04
 21  410    6.2365407000000003e-05
 21  411    3.7734685000000002e-05
 21  412    2.3902460000000001e-05
 21  413   -1.9817362000000000e-05
 21  414    6.1912747679999998e-02
 21  415    1.1969616630000000e-03
 21  416    3.1567310479999999e-02
 21  417   -9.9257063660000006e-03
 21  418    3.8068335000000000e-04
 21  419    1.5023783699999999e-04
 21  420   -1.4146654147000001e-02
 21  421    1.5085247500000001e-04
 21  422   -4.0928059100000004e-03
 21  423   -2.0400335790000000e-03
 21  424    3.2468675400000000e-04
 21  425   -6.3120897999999995e-05
 21  426   -1.3665074988000001e-02
 21  427    8.0930943270000003e-03
 21  428   -4.9093546330000000e-03
 21  429    4.6096639000000002e-05
 21  430    5.1546757500000001e-04
 21  431   -2.5357444299999997e-04
 21  432    9.6075635070000005e-03
 21  433    8.6553815010000004e-03
 21  434   -5.9899407699999995e-04
 21  435    9.3329524599999999e-04
 21  436    7.5122238600000004e-04
 21  437    5.7930758000000003e-05
 21  438    2.8297583770000002e-03
 21  439    1.0035645430000000e-03
 21  440   -1.5893758450000000e-03
 21  441    9.0336338999999998e-05
 21  442    1.0777345300000001e-04
 21  443   -4.8221114000000003e-05
 21  444    3.0208963099999999e-04
 21  445    2.0619002299999999e-04
 21  446   -6.7961096500000003e-04
 21  447    4.3644504999999999e-05
 21  448    6.3459700000000003e-06
 21  449    1.8817128999999999e-05
 21  450    3.5269127600000001e-04
 21  451    3.7669913499999998e-04
 21  452   -7.5977666999999999e-05
 21  453    1.0092780299999999e-04
 21  454    5.2282754000000001e-05
 21  455    4.4169309999999998e-06
 21  456   -3.5937003448000000e-02
 21  457    4.0072217960000003e-03
 21  458   -3.7193293342999999e-02
 21  459   -2.9710016460000000e-03
 21  460   -1.2698923179999999e-03
 21  461    9.0675833299999999e-04
 21  462    8.0932969950000006e-03
 21  463    9.1363196210000001e-03
 21  464   -1.9738569760000000e-03
 21  465    4.5088210600000001e-04
 21  466    2.5190456600000002e-04
 21  467   -6.8421192000000006e-05
 21  468    1.2457371968000000e-02
 21  469    1.0031002680000000e-02
 21  470   -2.1682912889999999e-03
 21  471    1.9570742679999998e-03
 21  472    1.1052125630000001e-03
 21  473   -6.9176221000000001e-05
 21  474    7.5922951000000002e-03
 21  475    4.8750626190000000e-03
 21  476   -2.6012831029999998e-03
 21  477    7.7608858300000003e-04
 21  478    7.4091648500000001e-04
 21  479    1.8182081999999999e-04
 21  480    3.3562987690000001e-03
 21  481    5.9400054400000001e-04
 21  482   -1.6262378460000001e-03
 21  483   -1.2354864800000000e-04
 21  484    7.9504177000000001e-05
 21  485   -5.4730378000000000e-05
 21  486    1.3760289120000001e-03
 21  487    5.5034037100000000e-04
 21  488   -9.6831640699999999e-04
 21  489   -1.1350794999999999e-04
 21  490    6.9196456999999996e-05
 21  491   -5.8937719999999998e-05
 21  492    3.8368609100000001e-04
 21  493    2.0686883900000001e-04
 21  494   -2.7289727500000001e-04
 21  495    4.9174785000000001e-05
 21  496    5.3668392000000001e-05
 21  497   -3.8126109999999998e-06
 21  498    1.9352502099999999e-03
 21  499   -1.2714279235000001e-02
 21  500   -2.7179362220000002e-03
 21  501   -6.6894853299999998e-04
 21  502   -7.7713598800000004e-04
 21  503   -4.9185958800000002e-04
 21  504   -2.0779715130000002e-03
 21  505    4.3787327329999999e-03
 21  506    1.1094325020000000e-03
 21  507    7.8534589000000003e-04
 21  508    3.7335723900000002e-04
 21  509    2.5053105300000002e-04
 21  510   -1.7168950179999999e-03
 21  511    2.8796737710000001e-03
 21  512   -2.1561714100000001e-04
 21  513   -3.4442513100000000e-04
 21  514    1.0411473700000000e-04
 21  515    2.6168420000000000e-05
 21  516    6.3722606100000004e-04
 21  517    1.0090618119999999e-03
 21  518    4.0146150500000003e-04
 21  519    4.9933626599999999e-04
 21  520    6.5949165200000000e-04
 21  521    2.5617120600000001e-04
 21  522    6.3566394699999997e-04
 21  523    2.5318630799999999e-04
 21  524   -6.7535625499999996e-04
 21  525   -1.6713746599999999e-04
 21  526    1.5877890000000000e-04
 21  527   -1.0710046700000001e-04
 21  528    3.9649409500000000e-04
 21  529    1.5784371300000001e-04
 21  530   -6.4168726399999997e-04
 21  531   -1.1700344699999999e-04
 21  532    1.5987275000000000e-05
 21  533   -1.1902931700000000e-04
 21  534    1.5437239400000000e-04
 21  535    1.0007386300000000e-04
 21  536   -3.0993475800000000e-04
 21  537    4.7548157999999998e-05
 21  538    9.0850906999999994e-05
 21  539    2.7507440000000001e-06
 21  540    4.7605198050000002e-03
 21  541    1.7930531653000001e-02
 21  542    2.3473915389999999e-03
 21  543    2.8752243649999999e-03
 21  544    2.0702403460000000e-03
 21  545   -1.3697223599999999e-04
 21  546   -1.4254561900000000e-03
 21  547    1.5853987720000000e-03
 21  548    4.4876536200000002e-04
 21  549    8.1641530500000000e-04
 21  550    5.0228383100000000e-04
 21  551    3.1344987400000002e-04
 21  552   -7.3556590030000001e-03
 21  553   -5.2583097500000003e-04
 21  554    3.8246535300000002e-04
 21  555    2.0767960100000001e-04
 21  556    1.3067410700000001e-04
 21  557    1.5625702299999999e-04
 21  558   -1.4186636610000001e-03
 21  559    1.4662017299999999e-04
 21  560    9.2691054999999994e-05
 21  561    4.5996018899999998e-04
 21  562    4.1791497499999998e-04
 21  563    2.2074483700000000e-04
 21  564   -1.2603066740000000e-03
 21  565   -6.1190112400000003e-04
 21  566   -4.9149686800000001e-04
 21  567   -2.8243664000000000e-05
 21  568    2.9221702000000001e-05
 21  569   -5.2798767999999999e-05
 21  570   -1.0522590050000000e-03
 21  571   -3.6259318400000000e-04
 21  572   -4.2478109500000000e-04
 21  573   -1.0070231800000000e-04
 21  574   -7.1577681999999995e-05
 21  575   -1.0931053599999999e-04
 21  576   -1.1866310299999999e-04
 21  577   -2.5447571800000000e-04
 21  578   -3.3676364200000000e-04
 21  579    7.8513977999999994e-05
 21  580    1.0044500200000000e-04
 21  581    1.2852071000000001e-05
 21  582    9.6091879800000001e-04
 21  583   -3.4036772099999999e-03
 21  584   -8.2877674200000000e-04
 21  585   -1.9457321420000000e-03
 21  586   -1.8340260580000001e-03
 21  587   -9.1961311399999998e-04
 21  588    8.4639323999999993e-05
 21  589    4.2208844400000000e-04
 21  590   -1.1809868400000000e-04
 21  591    2.3426562900000000e-04
 21  592    3.7506527699999998e-04
 21  593    2.0819089599999999e-04
 21  594    2.1270542099999999e-04
 21  595   -7.6974196999999997e-05
 21  596   -1.4716149399999999e-04
 21  597    2.4777385800000000e-04
 21  598    3.4453678500000000e-04
 21  599    3.1923903200000001e-04
 21  600    6.3415428999999995e-05
 21  601    2.0792313599999999e-04
 21  602   -1.6237323299999999e-04
 21  603    1.6674859800000001e-04
 21  604    2.4168665200000001e-04
 21  605    2.0088845799999999e-04
 21  606    2.4934716500000001e-04
 21  607    2.5584048999999998e-05
 21  608   -4.5403446800000000e-04
 21  609   -5.3349888999999999e-05
 21  610    2.8009319000000002e-05
 21  611   -3.9839648000000002e-05
 21  612    1.6058292899999999e-04
 21  613    3.4402637000000003e-05
 21  614   -3.4262428000000000e-04
 21  615   -3.8518661999999997e-05
 21  616    4.8143572999999997e-05
 21  617   -8.6076948000000000e-05
 21  618    2.4278089300000001e-04
 21  619   -3.2431958999999998e-05
 21  620   -2.4361057700000001e-04
 21  621    4.1816895999999998e-05
 21  622    1.0494366900000000e-04
 21  623   -9.3189020000000003e-06
 21  624   -6.7280883999999998e-05
 21  625    8.4665507500000000e-04
 21  626    8.2919047699999999e-04
 21  627    2.0669408000000000e-04
 21  628   -3.5164172000000001e-05
 21  629   -1.9885960100000000e-04
 21  630    6.0945776799999996e-04
 21  631   -1.7402737299999999e-04
 21  632   -1.5712901800000000e-04
 21  633   -5.9052475000000002e-05
 21  634    1.2263121299999999e-04
 21  635    1.6430268000000001e-04
 21  636   -1.0309377700000000e-04
 21  637   -2.9867094700000002e-04
 21  638   -3.4986990100000003e-04
 21  639   -7.7383929999999998e-05
 21  640   -8.5987900000000007e-06
 21  641    4.6587683000000001e-05
 21  642   -2.0916572700000000e-04
 21  643    3.8280178700000000e-04
 21  644    1.4418106000000000e-05
 21  645    1.0652724400000001e-04
 21  646    1.1466060500000000e-04
 21  647    9.1306908000000000e-05
 21  648   -1.6374600499999999e-04
 21  649    2.8032138999999999e-05
 21  650   -1.2158551500000000e-04
 21  651   -4.1914254000000000e-05
 21  652    9.1848399999999995e-07
 21  653   -3.9810093000000001e-05
 21  654   -1.0408951600000000e-04
 21  655   -4.7822302999999999e-05
 21  656   -1.3809341499999999e-04
 21  657    4.9362289999999996e-06
 21  658    1.2984747999999999e-05
 21  659   -6.8514523999999995e-05
 21  660    8.2852839999999997e-06
 21  661   -6.5476856999999999e-05
 21  662   -7.2291821000000002e-05
 21  663    2.3316640999999998e-05
 21  664    6.2491398000000004e-05
 21  665    5.1527489999999997e-06
