1   1   1
  5    0    2.6570606999999998e-04
  5    1   -1.7306017000000000e-05
  5    2   -1.3373680000000001e-05
  5    3   -7.0158099999999999e-07
  5    4    3.5359799999999999e-07
  5    5   -1.2205000000000001e-07
  5    6    8.1099999999999995e-09
  5    7   -3.0639281300000001e-04
  5    8   -1.9189108000000001e-05
  5    9   -8.4776672000000001e-05
  5   10   -1.3846320000000001e-06
  5   11    1.8020799999999999e-07
  5   12   -1.4049899999999999e-07
  5   13   -1.5900000000000000e-08
  5   14    1.0405291079999999e-03
  5   15    9.3642879999999999e-06
  5   16    1.2464996000000001e-05
  5   17   -8.9008029999999994e-06
  5   18   -1.7858480000000000e-06
  5   19   -4.0347999999999998e-08
  5   20    3.5650000000000000e-09
  5   21    1.1301326500000000e-04
  5   22   -1.6653146000000001e-05
  5   23    1.8571155999999999e-05
  5   24   -7.4066789999999998e-06
  5   25   -2.3944240000000001e-06
  5   26    6.3235999999999998e-08
  5   27    3.3397999999999999e-08
  5   28   -1.5706471000000000e-05
  5   29   -2.0447411000000000e-05
  5   30   -1.8477539999999999e-06
  5   31   -4.2937350000000000e-06
  5   32   -2.1569960000000002e-06
  5   33    2.3019900000000001e-07
  5   34    1.1759100000000000e-07
  5   35   -3.6641406000000001e-05
  5   36   -1.3976920000000000e-06
  5   37   -3.5781239999999999e-06
  5   38   -1.8743899999999999e-06
  5   39   -9.5656499999999996e-07
  5   40    4.8638200000000005e-07
  5   41    2.3882900000000000e-07
  5   42    7.3009200000000000e-07
  5   43    1.7542479999999999e-06
  5   44   -3.3783960000000000e-06
  5   45    2.7571599999999998e-07
  5   46    9.5388999999999995e-08
  5   47    6.3145199999999996e-07
  5   48    3.0579300000000002e-07
  5   49    4.5947719999999997e-06
  5   50    1.9773370000000001e-06
  5   51   -1.0359710000000000e-06
  5   52    5.7475900000000002e-07
  5   53    4.2267499999999999e-07
  5   54    4.6576600000000002e-07
  5   55    2.7878400000000002e-07
  5   56    9.4535892299999998e-04
  5   57    6.2786718099999998e-04
  5   58   -9.7188450000000006e-06
  5   59    3.4225099999999999e-05
  5   60   -2.0999212999999999e-05
  5   61    2.9162499999999999e-07
  5   62    1.4423031000000000e-05
  5   63   -7.2091570000000002e-06
  5   64   -4.0354100000000000e-07
  5   65    2.5008399999999998e-07
  5   66   -3.6271090000000000e-06
  5   67   -2.2456600000000000e-07
  5   68    1.1661560000000000e-06
  5   69   -1.0277500000000001e-07
  5   70   -8.7881000000000005e-08
  5   71   -1.9518749999999998e-06
  5   72    5.0653599999999998e-07
  5   73    4.6751300000000001e-07
  5   74   -1.3145999999999999e-07
  5   75   -4.4444999999999999e-08
  5   76    2.5074000000000000e-08
  5   77   -2.8176026700000000e-04
  5   78   -1.8635733400000000e-04
  5   79   -6.2191424999999997e-05
  5   80   -7.6042376999999999e-05
  5   81   -2.0313564000000000e-05
  5   82   -1.1431560000000000e-05
  5   83   -2.7765460000000001e-05
  5   84   -1.1224800000000000e-05
  5   85   -6.4487550000000002e-06
  5   86   -4.4641300000000002e-07
  5   87   -6.7120009999999997e-06
  5   88   -6.1401999999999999e-07
  5   89    6.8474400000000003e-07
  5   90   -9.8907000000000000e-08
  5   91   -1.0343200000000000e-07
  5   92   -9.6525100000000002e-07
  5   93    4.8728799999999996e-07
  5   94    6.3190400000000004e-07
  5   95   -6.7098999999999998e-08
  5   96   -8.7909999999999998e-08
  5   97   -2.0364000000000000e-08
  5   98    1.0066142700000001e-04
  5   99    3.4328849000000003e-05
  5  100    2.3543160999999998e-05
  5  101   -1.1962983000000001e-05
  5  102   -8.4390210000000008e-06
  5  103   -8.6423160000000007e-06
  5  104   -3.4443920000000002e-06
  5  105   -5.8286620000000000e-06
  5  106   -6.1592520000000000e-06
  5  107   -3.5757680000000001e-06
  5  108   -7.1195300000000000e-07
  5  109   -2.9963300000000002e-07
  5  110   -2.9699600000000002e-07
  5  111   -7.1301499999999998e-07
  5  112   -2.6586900000000001e-07
  5  113   -4.9862999999999996e-07
  5  114    1.5411500000000000e-07
  5  115    6.7546000000000001e-08
  5  116   -2.1416899999999999e-07
  5  117   -1.3684600000000001e-07
  5  118   -6.8321999999999995e-08
  5  119   -4.8314656000000000e-05
  5  120   -4.5764599999999999e-05
  5  121    4.0950749999999999e-06
  5  122   -4.9855629999999998e-06
  5  123   -2.8401400000000002e-07
  5  124   -8.4126369999999993e-06
  5  125    3.9678480000000000e-06
  5  126    7.4281500000000000e-07
  5  127   -3.7508289999999999e-06
  5  128   -4.3155020000000001e-06
  5  129    1.5233080000000001e-06
  5  130    6.2235600000000002e-07
  5  131   -8.0690700000000004e-07
  5  132   -9.5613700000000001e-07
  5  133   -4.0475799999999998e-07
  5  134    2.0193810000000002e-06
  5  135    4.1068399999999997e-07
  5  136   -2.5004000000000000e-08
  5  137   -1.1216099999999999e-07
  5  138   -7.7984000000000005e-08
  5  139    4.3370000000000002e-09
  5  140    1.3405430000000000e-06
  5  141    1.9169968000000000e-05
  5  142   -1.0728146000000001e-05
  5  143    3.6716580000000000e-06
  5  144   -1.6462100000000000e-07
  5  145   -2.4505629999999999e-06
  5  146    2.1739570000000001e-06
  5  147    1.0056770000000000e-06
  5  148   -2.1168409999999999e-06
  5  149   -3.1172969999999999e-06
  5  150    8.6868700000000000e-07
  5  151    3.3694499999999998e-07
  5  152   -7.2141000000000005e-07
  5  153   -7.3262000000000000e-07
  5  154   -3.0243100000000002e-07
  5  155   -1.7859299999999999e-07
  5  156    1.9683800000000001e-07
  5  157   -4.2998600000000000e-07
  5  158   -1.1645000000000000e-07
  5  159   -5.3100000000000003e-10
  5  160    1.9922400000000001e-07
  5  161   -3.6487459999999999e-06
  5  162    6.8182539999999996e-06
  5  163   -4.9667310000000000e-06
  5  164    1.1513040000000000e-06
  5  165   -1.3599849999999999e-06
  5  166   -6.8544799999999998e-07
  5  167    2.8355290000000000e-06
  5  168    6.0983600000000001e-07
  5  169    4.1107599999999999e-07
  5  170   -1.4089920000000000e-06
  5  171    9.8664700000000003e-07
  5  172    6.1360600000000000e-07
  5  173    1.3536600000000000e-07
  5  174   -5.0658400000000003e-07
  5  175    1.5454999999999998e-08
  5  176    2.5853999999999998e-07
  5  177    9.8452000000000000e-08
  5  178   -1.2872000000000000e-07
  5  179   -1.7666500000000000e-07
  5  180    1.3439000000000000e-07
  5  181    3.9081100000000002e-07
  5  182   -7.1497600000000001e-07
  5  183   -1.7084900000000000e-07
  5  184   -1.5576740000000001e-06
  5  185    8.7273500000000004e-07
  5  186   -1.3610800000000001e-06
  5  187   -5.1718600000000004e-07
  5  188   -1.9922999999999999e-07
  5  189   -4.8382399999999995e-07
  5  190    2.3889800000000000e-07
  5  191   -2.4979999999999999e-08
  5  192   -3.0302000000000002e-08
  5  193   -1.7852900000000000e-07
  5  194   -2.9194000000000000e-08
  5  195    1.1530000000000001e-09
  5  196    2.5378399999999999e-07
  5  197    7.2302999999999996e-08
  5  198   -4.8839999999999999e-08
  5  199    3.5999999999999998e-11
  5  200    1.6552000000000002e-08
  5  201    2.4178100000000001e-07
  5  202    4.5567800000000001e-07
  5  203    4.5622400000000000e-07
  5  204    1.1680200000000000e-07
  5  205    3.2590300000000000e-07
  5  206    3.5625799999999999e-07
  5  207   -6.4445800000000004e-07
  5  208   -7.6909000000000004e-08
  5  209    3.0414300000000000e-07
  5  210   -7.4314799999999998e-07
  5  211   -8.1183000000000006e-08
  5  212    4.4737800000000002e-07
  5  213    1.0097899999999999e-07
  5  214   -3.2030100000000000e-07
  5  215   -3.2350000000000001e-09
  5  216    1.8979000000000001e-07
  5  217    3.4805200000000000e-07
  5  218   -4.4116000000000003e-08
  5  219   -1.7076600000000001e-07
  5  220   -2.6122000000000001e-08
  5  221    3.5129000000000003e-08
  5  222    2.0415599999999999e-07
  5  223    3.3818399999999998e-07
  5  224   -6.7102474999999995e-05
  5  225   -1.0523121900000000e-04
  5  226    3.1277530000000001e-06
  5  227    7.1409000000000001e-08
  5  228    1.6723600000000000e-07
  5  229   -3.1190999999999998e-08
  5  230   -2.4708862999999999e-05
  5  231   -6.1878767000000004e-05
  5  232    3.8877689999999996e-06
  5  233    2.6704100000000002e-07
  5  234    1.5970300000000001e-07
  5  235    1.8629999999999999e-09
  5  236   -5.3023782999999999e-05
  5  237    6.4114300000000001e-07
  5  238    8.5368419999999992e-06
  5  239    1.8561919999999999e-06
  5  240    2.0396499999999999e-07
  5  241    3.8520999999999998e-08
  5  242    4.0556830000000001e-06
  5  243   -4.1852670000000001e-06
  5  244    6.9711120000000004e-06
  5  245    2.1841200000000001e-06
  5  246   -1.1695600000000001e-07
  5  247    2.6700999999999999e-08
  5  248    2.8308099999999999e-06
  5  249    9.3915009999999992e-06
  5  250    4.8675420000000003e-06
  5  251    2.0303339999999999e-06
  5  252   -3.1364100000000002e-07
  5  253   -1.2720900000000001e-07
  5  254    8.4932069999999994e-06
  5  255    1.0599448000000000e-05
  5  256    1.1612420000000001e-06
  5  257    9.8707399999999996e-07
  5  258   -5.1885800000000003e-07
  5  259   -2.4557499999999997e-07
  5  260    2.8031380000000001e-06
  5  261    1.5290590000000000e-06
  5  262    3.2352799999999998e-07
  5  263   -2.0485399999999999e-07
  5  264   -5.4361899999999997e-07
  5  265   -3.0654199999999999e-07
  5  266   -9.4412900000000005e-07
  5  267   -1.4873689999999999e-06
  5  268   -1.3540999999999999e-07
  5  269   -5.0799299999999996e-07
  5  270   -3.4410400000000002e-07
  5  271   -3.0091699999999999e-07
  5  272   -1.1494405900000000e-04
  5  273    7.9500780000000002e-06
  5  274   -1.1596157000000000e-05
  5  275   -3.6211520000000001e-06
  5  276   -3.8048020000000000e-06
  5  277    2.7828700000000001e-07
  5  278   -2.8863659999999999e-06
  5  279   -1.6717969999999999e-06
  5  280    2.3885800000000001e-07
  5  281    1.2317699999999999e-07
  5  282   -3.0954099999999998e-07
  5  283   -1.6900900000000000e-07
  5  284    2.1339500000000001e-07
  5  285    1.4238300000000001e-07
  5  286    4.0180000000000000e-09
  5  287   -4.3754719999999998e-05
  5  288    1.3415905999999999e-05
  5  289   -1.1520708000000000e-05
  5  290    5.9331080000000002e-06
  5  291   -1.0962700000000000e-06
  5  292    9.7075699999999996e-07
  5  293   -1.1470519999999999e-06
  5  294   -2.9150430000000002e-06
  5  295    6.8380999999999995e-08
  5  296    1.2139400000000001e-07
  5  297   -3.4089700000000001e-07
  5  298   -8.2322400000000004e-07
  5  299    2.4539099999999998e-07
  5  300    1.5024900000000001e-07
  5  301    2.8941999999999999e-08
  5  302   -5.7929799999999997e-06
  5  303    8.7034739999999995e-06
  5  304    1.5909684000000001e-05
  5  305    8.2823030000000002e-06
  5  306    9.3773760000000004e-06
  5  307    4.3481300000000003e-06
  5  308    1.8208090000000000e-06
  5  309    2.1275450000000001e-06
  5  310    9.8456399999999992e-07
  5  311    3.6397800000000001e-07
  5  312    1.4491400000000000e-07
  5  313    4.3431100000000000e-07
  5  314    2.2123200000000001e-07
  5  315    1.4467000000000001e-07
  5  316    9.8541999999999997e-08
  5  317    7.4039189999999998e-06
  5  318    5.0269810000000000e-06
  5  319    6.3023370000000002e-06
  5  320    3.7744240000000000e-06
  5  321    3.3893069999999999e-06
  5  322    4.3534980000000003e-06
  5  323    1.0771760000000000e-06
  5  324    1.0630400000000000e-07
  5  325    7.4792500000000002e-07
  5  326    2.4858300000000000e-07
  5  327    5.9758999999999999e-08
  5  328   -3.9373000000000002e-07
  5  329    1.2663600000000000e-07
  5  330    7.2239000000000003e-08
  5  331   -2.5186999999999999e-08
  5  332    3.6176459999999999e-06
  5  333    8.6349000000000001e-07
  5  334    3.0991800000000002e-06
  5  335    3.3679100000000001e-07
  5  336    1.0517710000000001e-06
  5  337    3.1972650000000000e-06
  5  338    2.2444900000000000e-07
  5  339   -1.4587700000000000e-07
  5  340    1.0329960000000000e-06
  5  341    2.8860799999999999e-07
  5  342    1.6178100000000001e-07
  5  343   -1.8448300000000000e-07
  5  344    1.1308000000000000e-07
  5  345   -6.1820000000000004e-09
  5  346   -1.4920599999999999e-07
  5  347    2.8471580000000001e-06
  5  348    7.2113399999999995e-07
  5  349    6.9605699999999997e-07
  5  350   -3.2768799999999999e-07
  5  351    1.6867900000000000e-07
  5  352    1.3257060000000000e-06
  5  353   -1.4834600000000000e-07
  5  354   -4.5190000000000003e-08
  5  355    3.9567699999999998e-07
  5  356   -4.0929000000000002e-08
  5  357    7.0985999999999998e-08
  5  358   -4.2199999999999999e-09
  5  359    1.7430700000000000e-07
  5  360   -1.0963600000000000e-07
  5  361   -3.4109500000000002e-07
  5  362    2.1285300000000000e-06
  5  363    1.2170510000000001e-06
  5  364    4.5409400000000002e-07
  5  365    2.6941999999999999e-07
  5  366   -5.9100499999999996e-07
  5  367   -1.0552800000000000e-07
  5  368    1.2746500000000001e-07
  5  369   -5.2152999999999997e-08
  5  370   -2.1305999999999999e-08
  5  371   -3.3834000000000000e-07
  5  372    1.5227500000000001e-07
  5  373   -8.8020000000000003e-08
  5  374    2.1112000000000001e-08
  5  375   -2.0502600000000000e-07
  5  376   -4.3439900000000000e-07
  5  377   -5.8293400000000005e-07
  5  378    4.4294700000000000e-07
  5  379    1.3527300000000000e-07
  5  380    1.5330000000000000e-07
  5  381   -6.9809000000000000e-08
  5  382   -4.3732699999999998e-07
  5  383    1.6061799999999999e-07
  5  384    1.6012000000000001e-07
  5  385   -1.2828100000000001e-07
  5  386   -2.6960300000000001e-07
  5  387    1.6183299999999999e-07
  5  388    8.6892999999999996e-08
  5  389   -5.5560000000000003e-09
  5  390   -2.1593600000000001e-07
  5  391   -3.7411000000000001e-07
  5  392   -1.6212433230000001e-03
  5  393   -1.6809451519999999e-03
  5  394   -1.7035138000000001e-04
  5  395   -7.5319999999999992e-09
  5  396   -1.6101208999999999e-05
  5  397   -1.2854419999999999e-06
  5  398   -4.6503710000000001e-05
  5  399   -2.6671861000000001e-05
  5  400   -6.5414790000000000e-06
  5  401    3.9246699999999999e-07
  5  402    2.3083799999999999e-07
  5  403   -2.1892799999999999e-07
  5  404    1.5949923000000001e-05
  5  405    1.5139943999999999e-05
  5  406    1.4082619999999999e-06
  5  407    1.2538400000000000e-06
  5  408    5.6534799999999996e-07
  5  409   -8.2159000000000001e-08
  5  410    7.5917849999999997e-06
  5  411    5.9970870000000000e-06
  5  412    9.2377399999999997e-07
  5  413   -2.9913999999999999e-08
  5  414   -1.4608200000000000e-07
  5  415   -2.8690999999999999e-08
  5  416    3.7973550000000001e-06
  5  417    2.2834410000000001e-06
  5  418    5.9758699999999996e-07
  5  419    9.2024000000000004e-08
  5  420   -3.2895999999999999e-08
  5  421    4.3474000000000003e-08
  5  422    8.5801300000000002e-07
  5  423    1.0047840000000001e-06
  5  424   -4.2000000000000000e-10
  5  425   -4.2874999999999998e-08
  5  426   -1.2179999999999999e-09
  5  427    5.0370000000000000e-08
  5  428   -1.6654499999999999e-07
  5  429   -8.2179999999999999e-08
  5  430    1.9213000000000001e-08
  5  431    1.1479000000000000e-08
  5  432    5.0239999999999999e-08
  5  433   -1.0244000000000001e-08
  5  434    5.7549034500000004e-04
  5  435    3.5833872300000002e-04
  5  436   -9.3359139999999998e-06
  5  437    2.1909729000000001e-05
  5  438   -2.6094320000000000e-06
  5  439   -2.9257630000000000e-06
  5  440    6.9353413000000001e-05
  5  441    1.8652682599999999e-04
  5  442   -3.8304510000000001e-06
  5  443    1.2058000000000000e-06
  5  444    3.4388200000000001e-06
  5  445   -1.1276200000000000e-07
  5  446    6.0497865000000000e-05
  5  447    7.9221422000000000e-05
  5  448    1.3053950000000001e-05
  5  449    3.7681320000000000e-06
  5  450    2.1083860000000000e-06
  5  451    2.7041499999999998e-07
  5  452    4.6731189999999997e-06
  5  453    1.7501769000000001e-05
  5  454    4.8853499999999997e-07
  5  455    3.3436399999999999e-07
  5  456   -1.3259000000000000e-08
  5  457   -3.7394999999999998e-08
  5  458    3.6976870000000000e-06
  5  459    4.6721380000000003e-06
  5  460    2.6368500000000002e-07
  5  461    3.7963099999999999e-07
  5  462   -9.7512000000000007e-08
  5  463   -6.9804999999999995e-08
  5  464    6.0659200000000004e-07
  5  465    6.2168699999999997e-07
  5  466   -2.9968000000000001e-08
  5  467   -5.2134000000000002e-08
  5  468   -6.9437000000000002e-08
  5  469    3.1761999999999997e-08
  5  470   -7.0740999999999998e-08
  5  471   -5.8729999999999999e-09
  5  472   -1.2861799999999999e-07
  5  473   -3.8093000000000002e-08
  5  474    2.9355000000000000e-08
  5  475    9.8250000000000003e-09
  5  476   -2.9172813100000001e-04
  5  477   -3.5996644100000000e-04
  5  478   -4.9326283000000003e-05
  5  479   -3.3293778000000003e-05
  5  480   -4.3063289999999999e-06
  5  481    3.3090900000000002e-07
  5  482    4.7256762999999997e-05
  5  483    5.1971834000000002e-05
  5  484   -1.6391254000000001e-05
  5  485   -9.3552449999999996e-06
  5  486   -6.1252200000000004e-07
  5  487   -1.2056700000000000e-07
  5  488   -3.1755877999999998e-05
  5  489   -3.8118553999999999e-05
  5  490   -9.4024029999999998e-06
  5  491   -6.7222190000000001e-06
  5  492    6.9454400000000003e-07
  5  493    5.9887000000000002e-07
  5  494   -1.0992842000000001e-05
  5  495    7.9147790000000001e-06
  5  496   -2.8305319999999999e-06
  5  497   -8.0953499999999995e-07
  5  498    1.6245400000000001e-07
  5  499   -4.6355000000000001e-08
  5  500   -7.7875949999999994e-06
  5  501    1.9320399999999999e-07
  5  502   -8.6462699999999995e-07
  5  503   -1.4637999999999999e-07
  5  504    9.7350000000000008e-09
  5  505   -1.7029700000000001e-07
  5  506   -9.8635700000000008e-07
  5  507    1.2195800000000000e-06
  5  508    7.7270000000000003e-09
  5  509   -4.1910000000000003e-08
  5  510   -9.1606999999999994e-08
  5  511   -5.6069999999999998e-08
  5  512   -6.6071999999999998e-08
  5  513    7.1402399999999999e-07
  5  514   -1.0986300000000000e-07
  5  515   -1.4932900000000000e-07
  5  516   -5.9740000000000004e-08
  5  517    9.9840000000000003e-09
  5  518    1.9263015299999999e-04
  5  519    2.9434789999999999e-06
  5  520    2.6522886000000002e-05
  5  521    4.3272529999999998e-06
  5  522    7.9272500000000000e-07
  5  523    3.8364800000000002e-07
  5  524    3.9279237999999999e-05
  5  525    9.3179510000000005e-06
  5  526   -4.5425350000000000e-06
  5  527   -7.3894690000000003e-06
  5  528   -1.2255240000000000e-06
  5  529    2.3716700000000000e-07
  5  530    1.6053734000000001e-05
  5  531    7.0815949999999997e-06
  5  532   -1.0970493000000000e-05
  5  533   -6.8581569999999997e-06
  5  534   -1.2604230000000000e-06
  5  535    1.1671500000000000e-07
  5  536   -1.8585359000000001e-05
  5  537   -1.6219932000000001e-05
  5  538   -8.7684560000000005e-06
  5  539   -3.8888720000000002e-06
  5  540   -6.6593300000000001e-07
  5  541   -2.0087500000000000e-07
  5  542   -1.0635230000000000e-05
  5  543   -9.5852010000000004e-06
  5  544   -4.3281030000000000e-06
  5  545   -1.6823270000000001e-06
  5  546   -3.7710400000000001e-07
  5  547   -1.9926200000000000e-07
  5  548   -1.6533619999999999e-06
  5  549   -1.6643800000000000e-06
  5  550   -7.1382900000000001e-07
  5  551   -2.4716400000000000e-07
  5  552   -1.0056800000000000e-07
  5  553   -7.8617999999999996e-08
  5  554   -2.1968600000000000e-07
  5  555   -2.7995900000000000e-07
  5  556   -3.0600400000000002e-07
  5  557   -1.8839400000000001e-07
  5  558   -7.3731000000000000e-08
  5  559    9.3659999999999993e-09
  5  560   -1.2845914999999999e-05
  5  561   -3.2289029000000001e-05
  5  562   -5.7043660000000003e-06
  5  563    5.8229599999999997e-06
  5  564    2.3400379999999998e-06
  5  565    1.6712819999999999e-06
  5  566   -1.3614029000000000e-05
  5  567    2.2336410000000002e-06
  5  568   -1.1005319999999999e-06
  5  569   -7.1768100000000003e-07
  5  570    7.6757900000000002e-07
  5  571    4.0237300000000000e-07
  5  572   -1.0529089000000000e-05
  5  573    1.2040402000000000e-05
  5  574   -8.3218530000000005e-06
  5  575   -4.2469040000000001e-06
  5  576   -6.3948600000000001e-07
  5  577   -5.5246999999999998e-08
  5  578   -7.7255000000000008e-06
  5  579   -7.7198729999999999e-06
  5  580   -7.3929089999999996e-06
  5  581   -4.1502980000000003e-06
  5  582   -7.4856799999999998e-07
  5  583   -1.4013900000000001e-07
  5  584   -3.8757269999999997e-06
  5  585   -3.8104410000000000e-06
  5  586   -4.4835590000000001e-06
  5  587   -2.2628679999999999e-06
  5  588   -3.4147800000000001e-07
  5  589   -8.5694000000000000e-08
  5  590   -1.0016890000000000e-06
  5  591    1.3746700000000000e-07
  5  592   -9.6745500000000008e-07
  5  593   -3.8719099999999999e-07
  5  594    4.6787000000000001e-08
  5  595    1.4051000000000000e-08
  5  596    2.3665600000000000e-07
  5  597    4.3676000000000000e-07
  5  598   -1.4270900000000001e-07
  5  599   -7.1955999999999999e-08
  5  600    4.2813000000000001e-08
  5  601    1.7481000000000000e-08
  5  602    6.8813160000000001e-06
  5  603    2.5593294000000001e-05
  5  604    2.9967559999999999e-06
  5  605    1.1036309999999999e-06
  5  606    6.2102299999999996e-07
  5  607   -4.4340400000000002e-07
  5  608   -1.8548164000000001e-05
  5  609   -1.5845549000000000e-05
  5  610   -2.7602860000000001e-06
  5  611    9.2801900000000005e-07
  5  612    5.9958700000000001e-07
  5  613    2.0254499999999999e-07
  5  614   -2.1572540000000001e-06
  5  615   -4.2854819999999998e-06
  5  616   -4.1964180000000002e-06
  5  617   -1.9116449999999998e-06
  5  618   -6.7746199999999998e-07
  5  619   -4.4762199999999998e-07
  5  620    2.7068199999999999e-07
  5  621   -2.0622380000000001e-06
  5  622   -4.5135949999999999e-06
  5  623   -3.1229959999999999e-06
  5  624   -9.0108000000000002e-07
  5  625   -8.1266999999999996e-08
  5  626    4.3442300000000002e-07
  5  627   -6.5950299999999997e-07
  5  628   -3.3342749999999999e-06
  5  629   -2.0890140000000002e-06
  5  630   -3.2576199999999998e-07
  5  631    1.3586000000000000e-08
  5  632    1.9170100000000000e-07
  5  633    1.4114500000000001e-07
  5  634   -9.7626900000000007e-07
  5  635   -3.0798300000000001e-07
  5  636    2.8943799999999997e-07
  5  637    1.8115700000000001e-07
  5  638   -8.0612999999999995e-08
  5  639    2.2244900000000001e-07
  5  640   -1.1946799999999999e-07
  5  641    1.4192000000000001e-08
  5  642    1.7381099999999999e-07
  5  643    1.1270800000000001e-07
  5  644   -8.7325509999999993e-06
  5  645    1.6228728999999999e-05
  5  646    1.2013990000000000e-06
  5  647    8.6214100000000004e-07
  5  648    1.0207760000000000e-06
  5  649    3.6532800000000000e-07
  5  650   -8.6909319999999993e-06
  5  651   -6.0274430000000002e-06
  5  652   -7.7588800000000005e-07
  5  653    7.2414100000000005e-07
  5  654    5.8128099999999995e-07
  5  655    1.6135900000000001e-07
  5  656   -2.9024069999999999e-06
  5  657   -6.0671589999999996e-06
  5  658    8.9902000000000007e-08
  5  659    4.7821800000000000e-07
  5  660    1.9977900000000001e-07
  5  661   -9.5051999999999996e-08
  5  662   -1.3136200000000001e-07
  5  663   -1.3426910000000000e-06
  5  664   -1.6015130000000000e-06
  5  665   -1.5211360000000001e-06
  5  666   -5.1915899999999997e-07
  5  667   -1.3701000000000001e-07
  5  668    1.0563149999999999e-06
  5  669    2.1980100000000000e-07
  5  670   -1.1387190000000001e-06
  5  671   -8.9953299999999999e-07
  5  672    1.2450000000000001e-08
  5  673    8.7875999999999999e-08
  5  674    1.2362199999999999e-07
  5  675   -1.3774700000000000e-07
  5  676   -4.2636499999999999e-07
  5  677   -1.7555000000000001e-08
  5  678    4.9372099999999998e-07
  5  679    3.5551100000000001e-07
  5  680   -1.6220000000000001e-07
  5  681    1.7916000000000000e-08
  5  682   -1.6934899999999999e-07
  5  683    9.6643000000000001e-08
  5  684    3.6032100000000001e-07
  5  685    2.3704100000000001e-07
  5  686   -4.5250600000000002e-07
  5  687   -8.1006000000000004e-08
  5  688   -4.1062200000000001e-07
  5  689   -4.4346100000000000e-07
  5  690    6.6580000000000000e-09
  5  691    1.6015199999999999e-07
  5  692   -1.7316200000000000e-07
  5  693   -3.0256900000000001e-07
  5  694   -1.4219830000000001e-06
  5  695   -2.7657400000000000e-07
  5  696   -2.4696199999999998e-07
  5  697   -5.9623000000000004e-08
  5  698   -1.3784100000000001e-06
  5  699   -2.8496109999999999e-06
  5  700   -3.0606399999999998e-07
  5  701    3.4078600000000002e-07
  5  702   -4.5913999999999997e-08
  5  703   -3.0518999999999997e-08
  5  704   -3.9287299999999997e-07
  5  705   -1.2305999999999999e-08
  5  706    4.5975000000000000e-08
  5  707    1.6719100000000000e-07
  5  708    9.0919999999999996e-09
  5  709   -3.6786999999999997e-08
  5  710   -1.4845799999999999e-07
  5  711    1.6635700000000001e-07
  5  712    1.4313499999999999e-07
  5  713    8.5870000000000001e-08
  5  714    2.5877700000000001e-07
  5  715    1.7442000000000000e-07
  5  716   -2.1952800000000001e-07
  5  717    1.1463000000000000e-07
  5  718   -4.5180999999999999e-08
  5  719    3.2650000000000002e-07
  5  720    5.8467100000000003e-07
  5  721    4.1966700000000002e-07
  5  722   -2.2550500000000001e-07
  5  723    1.1140100000000001e-07
  5  724    1.9621999999999999e-08
  5  725    2.2823000000000000e-07
  5  726    4.1479100000000000e-07
  5  727    2.7264399999999999e-07
  5  728    1.4769209999999999e-06
  5  729   -1.1847050000000000e-06
  5  730    2.1430999999999999e-07
  5  731    1.8996900000000000e-07
  5  732    2.4694900000000000e-07
  5  733   -1.0320000000000000e-09
  5  734    2.4743740000000001e-06
  5  735    1.3085280000000000e-06
  5  736   -5.8425899999999999e-07
  5  737   -6.1657399999999997e-07
  5  738   -3.8699899999999998e-07
  5  739   -1.9571500000000000e-07
  5  740    3.6944000000000000e-07
  5  741   -3.0025000000000001e-07
  5  742   -2.9631399999999999e-07
  5  743    1.1439900000000000e-07
  5  744   -8.8958999999999996e-08
  5  745   -2.4611000000000001e-08
  5  746   -2.7849699999999998e-07
  5  747    8.5990000000000004e-08
  5  748    4.0475599999999997e-07
  5  749    5.3932100000000002e-07
  5  750    1.0871000000000000e-07
  5  751    4.2907000000000002e-08
  5  752   -3.2412300000000000e-07
  5  753    1.9604000000000001e-08
  5  754    2.7687200000000002e-07
  5  755    4.4241800000000001e-07
  5  756    3.0164699999999997e-07
  5  757    1.9658999999999999e-07
  5  758   -2.3443099999999999e-07
  5  759   -2.8824000000000001e-08
  5  760    1.7619800000000000e-07
  5  761    3.6469099999999999e-07
  5  762    3.8847199999999999e-07
  5  763    3.4404600000000001e-07
  5  764   -2.0229099999999999e-07
  5  765   -1.1727900000000000e-07
  5  766    5.3030000000000004e-09
  5  767    1.7233200000000001e-07
  5  768    3.1023199999999999e-07
  5  769    2.4369700000000001e-07
 13    0   -1.2104455626180000e+00
 13    1    4.4902992964000001e-02
 13    2   -3.7853899522000002e-02
 13    3    1.1098402279999999e-03
 13    4   -1.7392595700000001e-04
 13    5   -1.1240511300000000e-04
 13    6    4.4038722999999999e-05
 13    7    1.9363442894230001e+00
 13    8    9.9782988552999996e-02
 13    9   -3.0269410930000001e-03
 13   10   -9.4140093299999996e-04
 13   11    1.1871310000000000e-06
 13   12   -8.5607595999999999e-05
 13   13    1.4146517000000001e-05
 13   14   -1.0776339794180001e+00
 13   15    7.5441663278999996e-02
 13   16    1.5392263340000001e-03
 13   17    7.2813541999999998e-05
 13   18    8.4107633800000001e-04
 13   19    7.0977263000000001e-05
 13   20   -1.5991921999999999e-05
 13   21    2.4708236143199999e-01
 13   22    2.7214451739999999e-02
 13   23    1.9269491605000001e-02
 13   24    2.8125273060000001e-03
 13   25    1.3961113110000001e-03
 13   26    2.0154044299999999e-04
 13   27    2.9178872999999999e-05
 13   28    7.0376473391999997e-02
 13   29    4.0014950050000003e-03
 13   30    2.6105123875000000e-02
 13   31    1.5955458650000001e-03
 13   32    1.1842488779999999e-03
 13   33    3.6775299100000000e-04
 13   34    3.8082481999999997e-05
 13   35   -8.9050089869999998e-03
 13   36   -5.4320807949999996e-03
 13   37    9.9570892389999992e-03
 13   38    8.4197147799999999e-04
 13   39    9.0820591999999994e-05
 13   40    2.0073672200000001e-04
 13   41    5.4595432999999999e-05
 13   42   -2.0977031843999999e-02
 13   43   -3.4377775070000001e-03
 13   44   -1.0524192620000000e-03
 13   45   -5.0415015200000002e-04
 13   46   -6.7341763700000000e-04
 13   47   -1.4322695000000001e-04
 13   48   -3.2276271999999998e-05
 13   49   -5.2083822730000003e-03
 13   50   -5.9221236000000000e-05
 13   51   -2.6943660030000001e-03
 13   52   -8.7814398700000003e-04
 13   53   -8.6006126300000000e-04
 13   54   -3.3737845900000000e-04
 13   55   -1.1350808800000000e-04
 13   56    3.1949491022299997e-01
 13   57    1.5210584853799999e-01
 13   58   -4.9991046482999998e-02
 13   59    9.0467833860000003e-03
 13   60   -4.7541731049999996e-03
 13   61   -5.7863815370000002e-03
 13   62    6.8564399369999999e-03
 13   63   -2.5829784949999999e-03
 13   64   -1.9420881790000000e-03
 13   65   -2.3880701999999999e-05
 13   66    3.9039018420000001e-03
 13   67   -7.6848631100000003e-04
 13   68   -5.2724505000000000e-05
 13   69   -9.7376246000000004e-05
 13   70   -1.5590747800000001e-04
 13   71   -7.0708583800000000e-04
 13   72    2.7537110199999998e-04
 13   73    2.9911759800000000e-04
 13   74   -9.7730224999999997e-05
 13   75   -7.3887709000000005e-05
 13   76   -2.1621813999999999e-05
 13   77   -1.5664700712099999e-01
 13   78    3.9729729041999999e-02
 13   79    1.9092774969000002e-02
 13   80    7.9219910010000002e-03
 13   81   -8.0570238029999998e-03
 13   82   -5.9375051599999998e-04
 13   83    5.6514459709999998e-03
 13   84   -2.7761161780000001e-03
 13   85   -4.4194180399999999e-04
 13   86    3.2109235900000001e-04
 13   87    1.0485787979999999e-03
 13   88   -8.6036851999999998e-05
 13   89    1.1222375500000000e-04
 13   90    1.3951921000000000e-04
 13   91    2.4065947000000001e-05
 13   92    7.7210150500000001e-04
 13   93   -2.9509173299999998e-04
 13   94   -2.6472637999999999e-05
 13   95   -1.4179173600000001e-04
 13   96   -4.3809335000000003e-05
 13   97   -5.1354141000000002e-05
 13   98   -1.5761950186999999e-02
 13   99    5.6970647973999998e-02
 13  100    3.3305543314999998e-02
 13  101   -2.7535751641000000e-02
 13  102    3.1966635940000000e-03
 13  103   -2.5306442000000000e-05
 13  104    3.0717899509999998e-03
 13  105    9.6331588000000005e-05
 13  106   -1.3344039029999999e-03
 13  107    1.2575965270000000e-03
 13  108    3.7403307299999999e-04
 13  109   -7.2245763599999998e-04
 13  110   -8.0544989599999996e-04
 13  111    3.8172257100000002e-04
 13  112    2.3862575000000000e-04
 13  113    3.9374619900000001e-04
 13  114   -5.5524485500000004e-04
 13  115   -3.7077874999999998e-04
 13  116    1.0107862600000000e-04
 13  117   -2.5439459999999999e-06
 13  118   -4.5043865000000002e-05
 13  119    2.5227362812000002e-02
 13  120   -3.8319016530000000e-03
 13  121    3.0840767795000001e-02
 13  122    2.2471307933000000e-02
 13  123    1.0976064343999999e-02
 13  124    8.0617689130000007e-03
 13  125    1.2887201500000000e-04
 13  126    1.5534604509999999e-03
 13  127    1.1685743450000001e-03
 13  128    1.5277764640000001e-03
 13  129    3.0536231000000000e-04
 13  130   -5.7398175000000000e-05
 13  131   -3.5146469500000000e-04
 13  132    7.5885114000000004e-04
 13  133    5.6583149100000003e-04
 13  134   -5.6438760600000003e-04
 13  135   -3.5324569300000002e-04
 13  136   -3.0768284600000002e-04
 13  137    3.4006263000000000e-04
 13  138    1.7737404100000000e-04
 13  139    4.4810247000000002e-05
 13  140    3.7002815610000001e-03
 13  141   -2.0051185123000002e-02
 13  142    1.9560443327000000e-02
 13  143   -4.3355582780000004e-03
 13  144    6.8855039870000002e-03
 13  145    7.0327782770000001e-03
 13  146   -5.2198889809999998e-03
 13  147    2.2023679469999999e-03
 13  148    3.8228852280000002e-03
 13  149    1.1269641329999999e-03
 13  150   -2.0119581089999999e-03
 13  151    3.6640557800000001e-04
 13  152    9.3061574800000003e-04
 13  153    6.8562018899999996e-04
 13  154    6.5942053000000002e-04
 13  155   -2.9634499900000000e-04
 13  156   -1.1067568200000001e-04
 13  157    1.5979340399999999e-04
 13  158    3.6628924200000001e-04
 13  159    3.5976094799999999e-04
 13  160    1.4673737400000000e-04
 13  161    4.0026738750000004e-03
 13  162    5.8267797460000003e-03
 13  163    2.0241889159999999e-03
 13  164    7.9840109799999995e-04
 13  165    2.3818459820000000e-03
 13  166    4.6719662960000002e-03
 13  167   -1.9109366600000000e-04
 13  168    1.0992620200000001e-03
 13  169    2.6738799670000001e-03
 13  170   -4.4328490000000000e-06
 13  171   -5.4309855299999996e-04
 13  172    2.2484749400000000e-04
 13  173    1.1292270650000000e-03
 13  174    2.3029816000000001e-05
 13  175    2.4100473600000000e-04
 13  176   -3.3106577600000001e-04
 13  177    7.4521569000000003e-05
 13  178    3.9840633199999999e-04
 13  179    1.7441722000000000e-04
 13  180    2.3055332399999999e-04
 13  181    1.2320462499999999e-04
 13  182   -8.9636249200000003e-04
 13  183    1.7111473209999999e-03
 13  184   -3.2932453820000000e-03
 13  185    1.2112818520000001e-03
 13  186   -5.4892156799999996e-04
 13  187    6.9199265999999996e-04
 13  188    2.3631392929999999e-03
 13  189    1.8475750999999999e-04
 13  190    9.5375381100000001e-04
 13  191   -8.5833938099999995e-04
 13  192    9.6712448100000001e-04
 13  193    1.6993833500000000e-04
 13  194    3.8096684699999997e-04
 13  195   -6.1067957800000001e-04
 13  196   -3.4120930300000001e-04
 13  197    3.8811291200000002e-04
 13  198    1.5455857100000000e-04
 13  199    2.8545990600000002e-04
 13  200   -2.2326428400000001e-04
 13  201   -1.2134486199999999e-04
 13  202   -3.1622650000000001e-05
 13  203   -1.4688820380000000e-03
 13  204    2.6298811000000000e-05
 13  205   -2.0450013099999999e-03
 13  206   -2.3246497100000001e-04
 13  207   -1.0523292920000000e-03
 13  208   -8.4397425500000000e-04
 13  209    1.5348989999999999e-04
 13  210   -3.6468258100000003e-04
 13  211   -2.1117562499999999e-04
 13  212   -9.7623683500000003e-04
 13  213    3.8485446500000000e-04
 13  214   -1.6719665200000001e-04
 13  215   -4.9151730000000001e-05
 13  216   -8.5018165299999998e-04
 13  217   -6.1962146599999998e-04
 13  218    8.1139704000000003e-05
 13  219   -4.7826208000000002e-05
 13  220    8.9158258000000002e-05
 13  221   -4.5940258800000001e-04
 13  222   -3.2226675999999998e-04
 13  223   -1.7207535700000000e-04
 13  224    5.5295926510000003e-02
 13  225    6.6919008570999999e-02
 13  226   -4.1096038600000001e-04
 13  227   -8.4146854000000007e-05
 13  228    9.7509974000000002e-05
 13  229   -3.5558171999999998e-05
 13  230    5.3486121951999997e-02
 13  231    6.7987483301000004e-02
 13  232   -7.3268124000000002e-04
 13  233   -3.0253745400000000e-04
 13  234    1.3359632300000000e-04
 13  235   -1.0421308000000000e-05
 13  236   -5.8353987240000000e-03
 13  237   -1.8828443382000001e-02
 13  238    6.1482497600000004e-04
 13  239   -1.0324488449999999e-03
 13  240   -2.6240930000000000e-06
 13  241    7.4226370000000003e-06
 13  242   -6.2971932102000000e-02
 13  243   -4.2002901757999998e-02
 13  244   -4.1743351200000000e-04
 13  245   -1.2793540070000001e-03
 13  246   -2.8216495299999999e-04
 13  247   -6.2999700000000003e-07
 13  248   -2.3823783776000002e-02
 13  249   -2.6079673471000001e-02
 13  250   -3.1767476840000000e-03
 13  251   -1.0486968190000000e-03
 13  252   -3.8483677100000001e-04
 13  253   -3.5406603999999998e-05
 13  254   -4.0638047740000002e-03
 13  255   -7.5041187320000003e-03
 13  256   -7.3235378400000005e-04
 13  257   -6.2630546000000002e-05
 13  258   -1.5376421199999999e-04
 13  259   -5.4073799000000001e-05
 13  260    7.0528032259999998e-03
 13  261    2.0943188080000002e-03
 13  262    7.7545949100000003e-04
 13  263    6.9803957599999999e-04
 13  264    9.2592705999999995e-05
 13  265    3.4365760000000000e-06
 13  266    4.5990631160000000e-03
 13  267    3.0168864780000001e-03
 13  268    1.0122506130000001e-03
 13  269    9.7300126299999996e-04
 13  270    3.2646770400000000e-04
 13  271    8.2759966999999997e-05
 13  272    6.2382351326999999e-02
 13  273    1.7052707521999999e-02
 13  274    6.3366694210000001e-03
 13  275    1.2877127569999999e-03
 13  276    1.8286730810000000e-03
 13  277   -1.9855525000000000e-04
 13  278   -3.9561939999999998e-06
 13  279    1.2163182800000000e-04
 13  280    9.8611483999999999e-05
 13  281    1.0067247999999999e-04
 13  282    3.0278578000000002e-05
 13  283   -4.3236380000000001e-04
 13  284    1.3269590300000000e-04
 13  285    1.1109370399999999e-04
 13  286    3.2486364000000003e-05
 13  287    5.9856477392000000e-02
 13  288    1.2889508919000000e-02
 13  289    9.3344545330000007e-03
 13  290    1.6629159069999999e-03
 13  291    2.5642625449999999e-03
 13  292   -7.5072886999999998e-04
 13  293    1.1031981370000000e-03
 13  294    6.4698563700000004e-04
 13  295   -1.3328137000000000e-05
 13  296    6.0281292000000000e-05
 13  297    2.4938788000000000e-05
 13  298   -1.4062623399999999e-04
 13  299    5.0596600999999999e-05
 13  300    7.2566209000000001e-05
 13  301    2.8487268999999999e-05
 13  302   -3.4343785965999997e-02
 13  303   -1.2103988420000000e-03
 13  304   -4.4224389200000000e-04
 13  305    7.0410566700000005e-04
 13  306   -3.5844199400000002e-04
 13  307   -1.0525716570000000e-03
 13  308    5.4218219499999997e-04
 13  309    3.6851057799999997e-04
 13  310   -6.0725668000000002e-04
 13  311   -3.7138762699999997e-04
 13  312    3.1258703699999998e-04
 13  313    3.4341701799999998e-04
 13  314   -1.4062947200000001e-04
 13  315   -1.8106289999999999e-05
 13  316    5.8177159999999998e-06
 13  317   -3.9313626373000003e-02
 13  318   -1.6307988685999999e-02
 13  319   -1.1155292467000000e-02
 13  320   -3.7894183879999999e-03
 13  321   -2.9050171999999998e-03
 13  322   -1.3274723739999999e-03
 13  323   -6.3737419999999997e-04
 13  324   -4.0894572300000001e-04
 13  325   -6.1779048100000004e-04
 13  326   -5.9208084400000003e-04
 13  327    2.2196278299999999e-04
 13  328    1.8602530500000001e-04
 13  329   -3.5162738000000003e-04
 13  330   -2.5677216799999998e-04
 13  331   -2.3896702000000000e-05
 13  332   -1.7850758550000002e-02
 13  333   -9.0563058240000008e-03
 13  334   -9.2250162940000005e-03
 13  335   -1.9439151979999999e-03
 13  336   -3.0702184200000000e-03
 13  337   -1.2487664040000000e-03
 13  338   -2.5476780800000001e-04
 13  339   -6.5649019200000002e-04
 13  340   -6.3185665599999996e-04
 13  341   -6.2523437100000005e-04
 13  342   -2.6515789000000001e-05
 13  343   -8.0205334000000002e-05
 13  344   -4.2412443500000000e-04
 13  345   -3.7408074500000000e-04
 13  346   -1.4393224200000000e-04
 13  347   -5.8093664399999998e-03
 13  348   -3.9558422620000000e-03
 13  349   -4.5138310999999999e-03
 13  350   -1.6373962700000000e-03
 13  351   -2.4119074549999999e-03
 13  352    1.2987459000000001e-04
 13  353   -3.1931359000000002e-04
 13  354   -8.9415187600000001e-04
 13  355   -1.4870661000000000e-05
 13  356   -1.8402475700000001e-04
 13  357   -2.1296961000000000e-05
 13  358   -2.1669421199999999e-04
 13  359   -1.1030383300000000e-04
 13  360   -2.2217566499999999e-04
 13  361   -1.1756360100000000e-04
 13  362    2.6017345310000001e-03
 13  363    1.4622803600000000e-04
 13  364   -4.3269372399999998e-04
 13  365   -1.0473412810000000e-03
 13  366   -9.5810836500000000e-04
 13  367    9.4373243999999995e-04
 13  368   -8.1816118699999999e-04
 13  369   -5.9664714900000001e-04
 13  370    6.5257487900000001e-04
 13  371    3.3490062899999999e-04
 13  372   -4.3684726999999998e-04
 13  373   -3.4521527899999998e-04
 13  374    2.6071148800000001e-04
 13  375    9.0656414000000007e-05
 13  376    2.0098109999999999e-06
 13  377    2.8695417369999998e-03
 13  378    1.6384194180000000e-03
 13  379    1.1615580010000000e-03
 13  380    3.4312173900000003e-04
 13  381    3.2415246800000000e-04
 13  382    9.6714263999999998e-04
 13  383   -1.4731955899999999e-04
 13  384    1.2926883299999999e-04
 13  385    8.1577108399999996e-04
 13  386    6.2971291199999998e-04
 13  387   -1.0113767200000000e-04
 13  388   -6.3923108000000007e-05
 13  389    4.7359717499999998e-04
 13  390    3.4636772300000002e-04
 13  391    1.7429544200000001e-04
 13  392    7.7692867861000006e-02
 13  393    1.2642156145600000e-01
 13  394    3.3058251169899999e-01
 13  395   -9.7415883230000007e-03
 13  396   -8.4511209859999999e-03
 13  397    4.7815179649999999e-03
 13  398   -6.9447699781000002e-02
 13  399   -4.2097358866000002e-02
 13  400   -1.5785947930000001e-03
 13  401    1.7572431160000001e-03
 13  402    8.3201336799999998e-04
 13  403    3.5926844799999999e-04
 13  404   -2.4408520102000002e-02
 13  405   -1.0053200743000000e-02
 13  406   -2.8489897470000002e-03
 13  407    7.5805241600000002e-04
 13  408    5.7738457799999998e-04
 13  409    4.2185355999999997e-05
 13  410   -1.4002590780000000e-03
 13  411    2.3437830209999998e-03
 13  412   -5.0756059100000002e-04
 13  413   -1.9984783100000000e-04
 13  414   -9.8489959000000002e-05
 13  415   -4.3436200999999999e-05
 13  416    9.4655676999999999e-05
 13  417    4.9063562300000001e-04
 13  418   -4.1665036900000001e-04
 13  419   -1.5448658600000000e-04
 13  420   -5.1515024999999999e-05
 13  421    2.3136720000000000e-05
 13  422    5.4270437999999997e-04
 13  423    2.0676622100000000e-04
 13  424   -2.5231765499999999e-04
 13  425   -1.4908350899999999e-04
 13  426   -4.8161117999999998e-05
 13  427    8.7161389999999995e-06
 13  428    2.1703859599999999e-04
 13  429    9.9966877000000004e-05
 13  430   -5.0680209999999997e-05
 13  431   -1.3778146000000000e-05
 13  432    7.3366549999999998e-06
 13  433    1.3496180000000000e-06
 13  434    1.5065346756900000e-01
 13  435    5.4302965576999998e-02
 13  436   -9.4819570610000001e-02
 13  437    2.6492009000000001e-05
 13  438    3.2022127589999999e-03
 13  439   -1.2082162600000001e-03
 13  440   -8.0147240342999998e-02
 13  441   -7.7752278051000004e-02
 13  442   -8.8288142709999993e-03
 13  443    9.9584584600000007e-04
 13  444    3.4963354300000002e-04
 13  445    2.0416222500000000e-04
 13  446   -4.7281132598000000e-02
 13  447   -4.3053422288000000e-02
 13  448   -4.8634951320000001e-03
 13  449   -4.7291926600000000e-04
 13  450   -1.3371815000000001e-05
 13  451    1.6471246899999999e-04
 13  452   -1.1141341740000001e-03
 13  453   -6.3197566280000003e-03
 13  454   -2.5280811380000000e-03
 13  455   -1.7609872200000001e-04
 13  456   -1.2551704800000001e-04
 13  457   -1.1488672700000001e-04
 13  458    2.4586435399999998e-04
 13  459   -8.8283212699999999e-04
 13  460   -7.8020712000000003e-05
 13  461   -2.7432839899999998e-04
 13  462   -1.0491757800000001e-04
 13  463    1.0284169000000001e-05
 13  464    1.7334176800000000e-04
 13  465    1.8045719999999999e-06
 13  466   -1.0194471200000000e-04
 13  467   -1.5760315600000000e-04
 13  468   -9.0574530999999996e-05
 13  469   -1.2334657000000000e-05
 13  470    2.9876372399999999e-04
 13  471    1.9131686100000000e-04
 13  472   -1.1174018800000001e-04
 13  473   -1.3135829999999999e-05
 13  474   -2.9428704999999999e-05
 13  475    2.8103276000000000e-05
 13  476    5.5399716315000000e-02
 13  477   -6.3571745392000001e-02
 13  478   -3.2085945944000001e-02
 13  479    1.0754122907000001e-02
 13  480    6.2153106100000001e-04
 13  481    1.5677384299999999e-04
 13  482    1.2921633799000000e-02
 13  483   -1.0304468560000000e-02
 13  484   -1.2151891600000000e-04
 13  485   -8.0803659099999996e-04
 13  486   -1.4955761279999999e-03
 13  487   -3.0422134700000000e-04
 13  488    2.3616577109999998e-03
 13  489   -2.0733346188999999e-02
 13  490    3.6124057450000000e-03
 13  491    5.8327560800000003e-04
 13  492   -6.3172282999999997e-04
 13  493    1.8315417000000001e-05
 13  494   -9.8885807700000005e-03
 13  495   -8.5306413960000004e-03
 13  496   -6.7499375000000005e-05
 13  497    6.8240237900000003e-04
 13  498   -1.3060348000000001e-05
 13  499   -7.9808734999999996e-05
 13  500   -2.2567351480000000e-03
 13  501   -3.2191629160000000e-03
 13  502    6.6660854700000005e-04
 13  503    4.4309109500000000e-04
 13  504   -5.0947094000000002e-05
 13  505   -6.3758717000000003e-05
 13  506   -4.5809189699999998e-04
 13  507   -5.4785926299999997e-04
 13  508    2.7962522899999999e-04
 13  509    5.7953096000000002e-05
 13  510   -1.0475652000000001e-05
 13  511   -4.2384466000000001e-05
 13  512   -2.1682080100000000e-04
 13  513    8.3336624000000003e-05
 13  514   -4.2782705000000000e-05
 13  515   -1.1618791900000000e-04
 13  516   -2.5978087999999998e-05
 13  517   -2.4576349999999999e-06
 13  518   -2.0098315344800000e-01
 13  519    3.5425631647000001e-02
 13  520   -4.7101100990000000e-03
 13  521   -4.4776912279999997e-03
 13  522   -1.3158562160000000e-03
 13  523    1.1709859840000000e-03
 13  524    7.7382974564999998e-02
 13  525    5.6325490678000002e-02
 13  526    6.3071190079999999e-03
 13  527   -8.1956420400000000e-04
 13  528   -9.5368201600000001e-04
 13  529   -6.3634855299999997e-04
 13  530    3.5012072765999998e-02
 13  531    1.1802525633000001e-02
 13  532   -9.6923374699999995e-04
 13  533   -1.3682858930000000e-03
 13  534   -4.7599563999999999e-04
 13  535   -4.9365120199999996e-04
 13  536   -3.2098226550000002e-03
 13  537    3.4649522339999998e-03
 13  538    3.9828288700000000e-04
 13  539    1.3562910240000000e-03
 13  540    4.8231346000000001e-04
 13  541    6.6442759000000001e-05
 13  542    2.3281845600000000e-04
 13  543   -4.0275302500000001e-04
 13  544    1.1610411760000000e-03
 13  545    1.0359137130000000e-03
 13  546    2.4977109499999998e-04
 13  547    1.2447630000000000e-05
 13  548   -9.1617919700000001e-04
 13  549   -1.0333604749999999e-03
 13  550    5.0551429500000000e-04
 13  551    3.6609068399999999e-04
 13  552    1.0637822200000000e-04
 13  553   -2.3372750000000001e-05
 13  554   -4.5852010499999998e-04
 13  555   -3.5530845799999999e-04
 13  556    1.4203517100000001e-04
 13  557    2.5355253999999998e-05
 13  558   -3.5436292999999999e-05
 13  559    7.8586139999999996e-06
 13  560    6.4331150675000004e-02
 13  561   -3.1596923109000002e-02
 13  562    2.9600210663000000e-02
 13  563    1.4130359840000000e-03
 13  564    1.2537857070000001e-03
 13  565   -6.2842095399999996e-04
 13  566    5.4676333207000001e-02
 13  567    4.0610939806000002e-02
 13  568    9.0333428860000006e-03
 13  569    1.0436180180000000e-03
 13  570   -4.4088532800000001e-04
 13  571   -4.8588863199999999e-04
 13  572    3.4981658584999999e-02
 13  573    2.9949402270000001e-02
 13  574    7.3080334089999999e-03
 13  575    9.5968224799999999e-04
 13  576   -3.5614981200000000e-04
 13  577   -3.0894513399999998e-04
 13  578    1.5220473238000000e-02
 13  579    9.9479033530000000e-03
 13  580    1.9417849230000000e-03
 13  581    1.7827515080000001e-03
 13  582    8.3316388799999997e-04
 13  583    3.1337491800000002e-04
 13  584    2.7905416969999999e-03
 13  585    3.1304335299999998e-03
 13  586    1.1554136170000000e-03
 13  587    1.3293944619999999e-03
 13  588    6.0796555199999999e-04
 13  589    1.9621674999999999e-04
 13  590    4.2756737099999999e-04
 13  591    4.3817793000000001e-04
 13  592    6.3080274200000004e-04
 13  593    5.1996770000000000e-04
 13  594    2.5091270400000001e-04
 13  595    5.4076590999999999e-05
 13  596   -1.9525107200000000e-04
 13  597   -3.1181257200000001e-04
 13  598    3.1240525699999998e-04
 13  599    2.5810982600000002e-04
 13  600    5.3572644999999999e-05
 13  601    1.8543533000000000e-05
 13  602    1.5835601703999998e-02
 13  603   -1.9774880283000000e-02
 13  604   -1.8605555640000000e-03
 13  605   -4.2838152650000001e-03
 13  606   -1.9008970380000000e-03
 13  607   -2.7279205000000002e-04
 13  608    1.2951848603000001e-02
 13  609    1.5485295628999999e-02
 13  610    7.0189804769999996e-03
 13  611    2.1390651890000000e-03
 13  612    3.0852844699999997e-04
 13  613   -7.3610270000000000e-05
 13  614    1.4664669206000000e-02
 13  615    2.4746341048000001e-02
 13  616    8.9309124249999997e-03
 13  617    3.2512643490000001e-03
 13  618    9.0445319300000004e-04
 13  619    2.3987298399999999e-04
 13  620    7.0329299350000004e-03
 13  621    7.2692480319999997e-03
 13  622    2.3001964669999999e-03
 13  623    1.0142309190000001e-03
 13  624    6.2389372499999996e-04
 13  625    4.3187013500000000e-04
 13  626    2.0348164130000001e-03
 13  627    3.4082843919999999e-03
 13  628    1.3815732079999999e-03
 13  629    1.0761594879999999e-03
 13  630    6.3423599699999995e-04
 13  631    4.2502412700000001e-04
 13  632    4.4387789400000002e-04
 13  633    1.0792444460000000e-03
 13  634    6.6527943399999996e-04
 13  635    6.3216276999999998e-04
 13  636    3.5843539900000002e-04
 13  637    1.4815994200000001e-04
 13  638    7.1980310000000002e-06
 13  639   -3.8584687000000001e-05
 13  640    3.7281143600000001e-04
 13  641    3.6207248600000002e-04
 13  642    1.3245620699999999e-04
 13  643    4.0576985000000000e-05
 13  644    2.4593443240000000e-03
 13  645    6.4239525370000002e-03
 13  646    1.4493402540000000e-03
 13  647   -3.4985087000000003e-05
 13  648   -8.6485017199999998e-04
 13  649   -3.8411250700000002e-04
 13  650   -4.3000240709999997e-03
 13  651   -3.6178803800000000e-04
 13  652    1.6143275640000000e-03
 13  653    1.3327792740000001e-03
 13  654    4.7750236699999998e-04
 13  655    1.3595759600000000e-04
 13  656    5.7251603760000002e-03
 13  657    8.9910263590000008e-03
 13  658    4.2351143580000002e-03
 13  659    2.6767898650000002e-03
 13  660    1.1651704980000001e-03
 13  661    3.0798011599999999e-04
 13  662    4.0390057519999996e-03
 13  663    4.3792125659999999e-03
 13  664    8.9547877299999995e-04
 13  665   -1.1575958600000000e-04
 13  666   -3.6379340000000002e-05
 13  667    1.5988729999999999e-04
 13  668    1.8439055130000000e-03
 13  669    2.3928907440000000e-03
 13  670   -9.3794624000000004e-05
 13  671    9.0262742999999997e-05
 13  672    1.9331676400000000e-04
 13  673    2.3971991400000001e-04
 13  674    4.4612460299999998e-04
 13  675    9.4076839799999996e-04
 13  676    3.7414432000000000e-05
 13  677    1.9711175699999999e-04
 13  678    2.1676724899999999e-04
 13  679    1.1525745899999999e-04
 13  680    9.6194011000000004e-05
 13  681    3.0846573100000002e-04
 13  682    1.5782221900000000e-04
 13  683    2.3573012199999999e-04
 13  684    1.0787133300000000e-04
 13  685    1.8028058000000000e-05
 13  686   -6.3233906479999999e-03
 13  687    3.1547734020000002e-03
 13  688    6.0718937499999997e-04
 13  689    1.7863237070000000e-03
 13  690    1.2181949980000000e-03
 13  691    3.9042427900000002e-04
 13  692   -6.1617355749999997e-03
 13  693   -3.8439232559999998e-03
 13  694   -5.7998137600000004e-04
 13  695    4.2415763599999999e-04
 13  696    2.3700023900000001e-04
 13  697    1.3715382099999999e-04
 13  698   -2.4492375390000000e-03
 13  699   -1.2922985339999999e-03
 13  700    5.0324782100000004e-04
 13  701    9.3312476100000001e-04
 13  702    4.9329006900000001e-04
 13  703    2.9877719000000002e-04
 13  704    6.5258258200000003e-04
 13  705    7.3613465800000002e-04
 13  706   -6.9282523900000002e-04
 13  707   -8.4008524900000005e-04
 13  708   -5.6731350599999999e-04
 13  709   -1.9366040100000001e-04
 13  710    1.3690079860000000e-03
 13  711    9.1160365399999997e-04
 13  712   -8.9348660500000005e-04
 13  713   -6.8716622000000000e-04
 13  714   -3.4242290900000000e-04
 13  715   -8.4732926000000001e-05
 13  716    5.7593363200000001e-04
 13  717    4.4632701899999998e-04
 13  718   -6.9913279900000005e-04
 13  719   -3.4869209999999998e-04
 13  720   -1.1133304800000000e-04
 13  721   -5.1164320000000002e-05
 13  722    4.2301977500000000e-04
 13  723    3.4154142499999998e-04
 13  724   -2.5540393099999999e-04
 13  725   -8.8567809000000001e-05
 13  726   -4.1076878000000000e-05
 13  727   -4.7630324999999999e-05
 13  728   -2.9371198650000002e-03
 13  729    2.8951478500000000e-04
 13  730   -6.6474507400000004e-04
 13  731   -5.9257907000000000e-05
 13  732    3.6664616800000002e-04
 13  733    1.1274335200000000e-04
 13  734   -1.7989221450000000e-03
 13  735   -1.6424267209999999e-03
 13  736   -9.8561982800000002e-04
 13  737   -2.6750532600000002e-04
 13  738   -1.9404784100000001e-04
 13  739   -8.5336559999999996e-05
 13  740   -2.6078830729999998e-03
 13  741   -2.6583040060000002e-03
 13  742   -9.6707100999999997e-04
 13  743   -1.9360611099999999e-04
 13  744   -1.0406583999999999e-05
 13  745    7.8576350999999995e-05
 13  746   -1.2216365740000000e-03
 13  747   -1.0357711759999999e-03
 13  748   -9.3284118800000002e-04
 13  749   -1.0205021159999999e-03
 13  750   -8.2490550900000004e-04
 13  751   -4.7396947900000001e-04
 13  752   -3.4241397399999997e-04
 13  753   -3.4160688399999999e-04
 13  754   -9.5332399100000000e-04
 13  755   -9.2964167900000004e-04
 13  756   -6.1061684600000000e-04
 13  757   -3.4498595000000002e-04
 13  758    3.9643549000000002e-05
 13  759   -1.5136671300000000e-04
 13  760   -8.6493744600000004e-04
 13  761   -6.5917017899999998e-04
 13  762   -3.4738871399999998e-04
 13  763   -1.9875279899999999e-04
 13  764    8.0479108999999998e-05
 13  765    4.9412256000000001e-05
 13  766   -4.4446514099999999e-04
 13  767   -3.3769287000000000e-04
 13  768   -1.7223606900000000e-04
 13  769   -1.3586000900000001e-04
 18    0    7.8248811057699996e-01
 18    1   -2.3939663770000001e-02
 18    2    2.3835424683000001e-02
 18    3    5.3401545000000003e-05
 18    4    8.6669683000000001e-05
 18    5    9.9069389999999996e-05
 18    6   -5.0102344999999999e-05
 18    7    7.6461651371000000e-02
 18    8   -5.2817362559999997e-02
 18    9   -1.1028420766000000e-02
 18   10    6.5202349700000002e-03
 18   11    5.2677721399999999e-04
 18   12    7.2227359999999996e-06
 18   13   -3.6463072000000003e-05
 18   14    2.6687236226350000e+00
 18   15   -3.3474446589000000e-02
 18   16   -4.3532047679999998e-03
 18   17    6.4039264100000000e-03
 18   18    5.8327662000000003e-05
 18   19   -1.6111971799999999e-04
 18   20    3.1102639999999999e-05
 18   21   -2.3883818474000000e-02
 18   22    2.7969535000000000e-05
 18   23    4.0989085439999996e-03
 18   24    2.4455820980000000e-03
 18   25   -4.5155857000000002e-05
 18   26   -2.8143617399999999e-04
 18   27   -3.7841462000000003e-05
 18   28   -7.8196874912000003e-02
 18   29    1.5935124770000001e-03
 18   30   -1.0155465705000000e-02
 18   31    2.6931982219999999e-03
 18   32   -2.5299627000000001e-05
 18   33   -5.0066025199999996e-04
 18   34   -1.1395572600000000e-04
 18   35    7.5708242901999998e-02
 18   36    5.1088052220000001e-03
 18   37   -2.3007501440000001e-03
 18   38    1.6785616959999999e-03
 18   39    2.8188752899999998e-04
 18   40   -4.6846452000000002e-04
 18   41   -2.0034250300000000e-04
 18   42    2.0882148251000002e-02
 18   43    2.7651745500000000e-03
 18   44    3.5148547300000001e-03
 18   45    8.3533747900000005e-04
 18   46    4.4480086399999999e-04
 18   47   -1.7607144800000000e-04
 18   48   -1.6864356100000001e-04
 18   49   -2.8831767439999999e-03
 18   50    6.4505824100000002e-04
 18   51    2.0431090080000000e-03
 18   52    9.0215087999999995e-04
 18   53    4.1051485700000000e-04
 18   54   -1.0089078100000000e-04
 18   55   -1.0469243100000001e-04
 18   56   -1.1156277294000000e-01
 18   57   -6.1502939276999999e-02
 18   58    3.9421694041000002e-02
 18   59   -6.6744697069999999e-03
 18   60    9.6733429270000008e-03
 18   61    8.0533860240000008e-03
 18   62   -3.8498949270000002e-03
 18   63    1.8616518480000001e-03
 18   64    2.1096528450000001e-03
 18   65    2.5451978900000003e-04
 18   66   -3.9645729400000001e-03
 18   67    1.5620809200000000e-04
 18   68    8.9721292999999999e-05
 18   69   -1.4304990000000001e-06
 18   70    6.6846126999999997e-05
 18   71    8.3521943699999999e-04
 18   72   -3.7416844699999998e-04
 18   73   -3.2988583400000000e-04
 18   74   -6.4811214999999995e-05
 18   75   -1.4968128000000000e-05
 18   76    1.1253294000000000e-05
 18   77   -1.4399269028299999e-01
 18   78   -9.3598831724999998e-02
 18   79   -3.0825256865000001e-02
 18   80   -2.1415410733999999e-02
 18   81    1.5169292252000000e-02
 18   82    8.7579199020000002e-03
 18   83   -2.0013029979999999e-03
 18   84    3.4552103139999998e-03
 18   85    1.8939018250000001e-03
 18   86    1.5584416249999999e-03
 18   87   -2.7549267210000001e-03
 18   88   -2.9483790999999999e-04
 18   89    3.0521536500000002e-04
 18   90   -1.8224522299999999e-04
 18   91   -1.6613669299999999e-04
 18   92   -6.9104059000000003e-05
 18   93    2.3368923800000000e-04
 18   94    2.2336417300000000e-04
 18   95   -1.0337721700000000e-04
 18   96   -2.7827754999999998e-05
 18   97    5.4055121999999997e-05
 18   98    8.9183175820999994e-02
 18   99   -3.0811241938999999e-02
 18  100   -2.9369298198000000e-02
 18  101    2.8023559327000000e-02
 18  102    4.2295289860000002e-03
 18  103    7.7499384450000000e-03
 18  104   -6.6595847640000001e-03
 18  105    1.9278221339999999e-03
 18  106    3.6211563120000000e-03
 18  107    1.7019100510000001e-03
 18  108   -1.3207854000000000e-04
 18  109    1.2911192300000000e-03
 18  110    1.1380507740000000e-03
 18  111    1.6338816000000000e-04
 18  112   -1.8514690500000001e-04
 18  113   -2.0907523900000002e-03
 18  114    8.0594460100000005e-04
 18  115    6.8949485299999998e-04
 18  116   -5.8669675999999999e-05
 18  117   -3.9187872999999997e-05
 18  118    3.2325100000000001e-07
 18  119   -4.0464231073999997e-02
 18  120    1.4644999878000000e-02
 18  121   -7.6002936580000001e-03
 18  122   -3.0999047371999999e-02
 18  123   -3.0807447040000001e-03
 18  124    1.2738008790000000e-03
 18  125   -5.4315530120000004e-03
 18  126    1.6885283640000000e-03
 18  127    2.9156718180000001e-03
 18  128    1.6303678849999999e-03
 18  129   -2.6678777749999999e-03
 18  130    1.2946950080000000e-03
 18  131    2.1294847979999999e-03
 18  132    3.9447231199999999e-04
 18  133   -3.4454570900000002e-04
 18  134   -2.3229497000000000e-05
 18  135    6.4026021300000004e-04
 18  136    1.0840380140000000e-03
 18  137   -2.8648644999999999e-05
 18  138   -1.4050392399999999e-04
 18  139   -1.2171327600000000e-04
 18  140   -1.7451050858999999e-02
 18  141   -4.1218862570000002e-03
 18  142   -7.1840523129999998e-03
 18  143   -9.4847453010000003e-03
 18  144   -5.0627861500000002e-04
 18  145   -6.6211464900000001e-04
 18  146   -1.4602182280000001e-03
 18  147    1.0795045490000000e-03
 18  148   -5.3010253999999997e-05
 18  149    1.3158727409999999e-03
 18  150   -1.9727537140000000e-03
 18  151    8.7341977600000000e-04
 18  152    9.7512367800000005e-04
 18  153    4.8060423300000003e-04
 18  154   -3.8972060799999999e-04
 18  155   -7.0901584599999999e-04
 18  156    5.8080168800000000e-04
 18  157    7.5807809799999996e-04
 18  158    1.7942030200000000e-04
 18  159   -2.4721672699999999e-04
 18  160   -2.7096357500000002e-04
 18  161    5.2720367199999999e-04
 18  162   -2.0522787449999999e-03
 18  163   -1.0661685300000000e-04
 18  164    3.9572842620000000e-03
 18  165    7.4725528000000002e-04
 18  166    1.7076355100000001e-04
 18  167    1.1576898570000000e-03
 18  168    8.9178430200000005e-04
 18  169    4.6853450100000000e-04
 18  170    1.1786590210000000e-03
 18  171    7.5931790299999999e-04
 18  172    8.3902195300000000e-04
 18  173    7.0827725399999996e-04
 18  174    5.5677363299999995e-04
 18  175   -2.5828295400000001e-04
 18  176    2.0463511699999999e-04
 18  177    5.9117221499999995e-04
 18  178    5.8079294100000004e-04
 18  179    2.8009952299999999e-04
 18  180   -2.2711024700000000e-04
 18  181   -3.2800947000000000e-04
 18  182    4.0092383000000003e-05
 18  183   -1.9391501780000001e-03
 18  184    2.5319665280000001e-03
 18  185   -2.6270380019999999e-03
 18  186    5.3130411400000000e-04
 18  187    9.4997725300000003e-04
 18  188   -3.3514947749999999e-03
 18  189    4.4865863700000000e-04
 18  190    9.7279287899999995e-04
 18  191    8.3494418800000002e-04
 18  192   -1.8124326880000000e-03
 18  193    4.9235956399999996e-04
 18  194    9.3816873800000005e-04
 18  195    6.2261927900000001e-04
 18  196    7.0955492999999996e-05
 18  197   -8.9763056899999996e-04
 18  198    3.5376278399999999e-04
 18  199    6.0189508900000005e-04
 18  200    3.2271486999999998e-04
 18  201   -4.9971276999999997e-05
 18  202   -2.6145905099999998e-04
 18  203   -2.1157108600000001e-04
 18  204    4.0146002199999999e-04
 18  205    1.1254105170000000e-03
 18  206    2.7809145399999998e-04
 18  207    5.1657936900000002e-04
 18  208    9.5186490100000005e-04
 18  209   -1.3544261999999999e-05
 18  210    3.3624114599999999e-04
 18  211    6.4357908800000000e-04
 18  212    6.9446150300000000e-04
 18  213   -3.9726251100000002e-04
 18  214    3.9869079500000001e-04
 18  215    5.3290319500000002e-04
 18  216    5.9746103600000005e-04
 18  217    1.7654307199999999e-04
 18  218   -3.3217827300000002e-04
 18  219    3.1210734399999998e-04
 18  220    3.2103925299999998e-04
 18  221    3.3221979300000000e-04
 18  222   -2.6286584000000000e-05
 18  223   -1.6170883300000000e-04
 18  224    5.0623163900000000e-03
 18  225   -3.5118814250999997e-02
 18  226   -6.5827314840000003e-03
 18  227    1.8801889699999999e-04
 18  228   -3.0397443999999998e-05
 18  229    9.1256699999999993e-06
 18  230    2.0516867455999999e-02
 18  231   -3.1144730071999999e-02
 18  232   -5.8469792160000004e-03
 18  233    1.6602059599999999e-04
 18  234   -5.8384863000000003e-05
 18  235   -1.5221283000000000e-05
 18  236   -3.8687207574000002e-02
 18  237    1.3138554742000000e-02
 18  238   -7.3527961700000002e-03
 18  239    8.3475138999999996e-05
 18  240    1.0767065400000001e-04
 18  241    4.4195690000000002e-06
 18  242    4.0665445899000001e-02
 18  243    2.4923527495999999e-02
 18  244   -7.8304987520000004e-03
 18  245   -1.4778545100000001e-04
 18  246    4.4506251000000000e-04
 18  247    4.4417628999999999e-05
 18  248    1.4741651910000000e-02
 18  249    7.8990939140000001e-03
 18  250   -1.4378265919999999e-03
 18  251   -9.5284896999999998e-05
 18  252    5.0617907399999997e-04
 18  253    1.1325003100000000e-04
 18  254   -9.6936073229999999e-03
 18  255   -1.8422176920000000e-03
 18  256   -1.4627495880000000e-03
 18  257   -3.2124819199999999e-04
 18  258    3.9691886099999999e-04
 18  259    1.7248832599999999e-04
 18  260   -5.1913589710000001e-03
 18  261   -2.9665756040000001e-03
 18  262   -1.4002262059999999e-03
 18  263   -4.8223808300000001e-04
 18  264    2.8838439900000001e-04
 18  265    1.8534767900000001e-04
 18  266   -6.0314814200000005e-04
 18  267   -2.4482001430000001e-03
 18  268   -8.9673030299999997e-04
 18  269   -5.1530548999999997e-04
 18  270    1.0289814700000000e-04
 18  271    1.4690480299999999e-04
 18  272   -1.8074734110000001e-02
 18  273   -1.4671994916999999e-02
 18  274   -7.2589181379999999e-03
 18  275    1.3939406040000000e-03
 18  276    5.4052815600000000e-04
 18  277   -1.3601864800000000e-04
 18  278   -3.9380490000000001e-06
 18  279   -3.6003425000000003e-05
 18  280    1.6672985400000001e-04
 18  281   -3.7196879999999998e-06
 18  282   -2.4387663300000001e-04
 18  283    2.7360018699999999e-04
 18  284   -6.0124151999999998e-05
 18  285   -1.0132786000000001e-04
 18  286   -1.4468152000000000e-05
 18  287   -8.9461538130000007e-03
 18  288   -1.3102241846000000e-02
 18  289   -2.1630859559000001e-02
 18  290    5.6145847399999998e-04
 18  291   -2.9210134050000002e-03
 18  292   -9.4427476500000003e-04
 18  293   -6.5711011100000002e-04
 18  294   -7.8455188200000003e-04
 18  295   -6.1588911999999995e-05
 18  296    3.0405922000000000e-05
 18  297   -3.3443284799999999e-04
 18  298   -2.4681538700000003e-04
 18  299    3.9985482000000003e-05
 18  300   -4.0240929000000002e-05
 18  301   -2.4000514999999999e-05
 18  302    3.3743960783000002e-02
 18  303    5.5724410160000000e-03
 18  304   -5.4223843990000003e-03
 18  305   -1.8472544190000001e-03
 18  306   -1.7159226440000000e-03
 18  307   -2.0926538250000000e-03
 18  308   -5.8833789699999997e-04
 18  309   -7.7405667799999996e-04
 18  310    7.9811630999999998e-05
 18  311    3.3263866600000000e-04
 18  312   -1.0474847100000000e-04
 18  313   -5.6826417400000003e-04
 18  314   -5.8415933000000001e-05
 18  315    1.0836815600000000e-04
 18  316    4.7601283999999997e-05
 18  317    2.7688732547000001e-02
 18  318    1.1734262047000000e-02
 18  319    2.5835292849999999e-03
 18  320    3.0967657450000001e-03
 18  321   -5.4385835100000004e-04
 18  322   -2.3249292540000002e-03
 18  323    8.7404287000000000e-04
 18  324   -6.6727049399999995e-04
 18  325   -6.1626029699999999e-04
 18  326    4.1690287999999998e-04
 18  327   -2.0915735999999999e-05
 18  328   -8.1653791000000004e-04
 18  329   -1.3512441500000000e-04
 18  330    2.2263193599999999e-04
 18  331    1.0814985800000000e-04
 18  332    7.9281004600000003e-03
 18  333    4.4288300970000000e-03
 18  334    2.0165288309999998e-03
 18  335    1.1936730180000001e-03
 18  336   -7.8310511499999995e-04
 18  337   -1.3295185810000001e-03
 18  338    2.1914258200000000e-04
 18  339   -1.3220192830000000e-03
 18  340   -4.9169705600000003e-04
 18  341    3.4018240500000002e-04
 18  342   -1.1374197699999999e-04
 18  343   -6.8033392299999998e-04
 18  344   -2.1435853500000000e-04
 18  345    2.2866314400000001e-04
 18  346    2.6260753600000001e-04
 18  347   -1.9851500939999998e-03
 18  348   -8.0041914200000000e-04
 18  349    2.6707093000000001e-05
 18  350   -4.7466841300000001e-04
 18  351   -7.8325295200000001e-04
 18  352   -1.1927387590000000e-03
 18  353   -8.4080787400000003e-04
 18  354   -1.1301491910000001e-03
 18  355   -5.9347452099999995e-04
 18  356    1.8787298200000001e-04
 18  357   -4.0770265400000001e-04
 18  358   -8.3603141499999996e-04
 18  359   -3.5352911700000002e-04
 18  360    2.6087487100000001e-04
 18  361    3.2090135999999998e-04
 18  362   -2.0497832630000002e-03
 18  363    2.5974901399999998e-04
 18  364   -1.2724011359999999e-03
 18  365    5.9080358300000004e-04
 18  366   -5.9282761500000002e-04
 18  367   -1.1499258640000000e-03
 18  368    4.0709963099999999e-04
 18  369   -5.0393681099999998e-04
 18  370   -7.7786726400000004e-04
 18  371   -5.3779039999999997e-05
 18  372    1.4964389400000001e-04
 18  373   -4.1332659100000002e-04
 18  374   -3.7795806199999998e-04
 18  375    1.0464067400000000e-04
 18  376    2.7531016700000000e-04
 18  377   -1.2174276399999999e-03
 18  378   -8.8304509899999998e-04
 18  379   -1.0129417480000001e-03
 18  380   -3.7879640799999998e-04
 18  381   -9.1405064700000004e-04
 18  382   -6.8357544300000003e-04
 18  383   -1.3520861500000001e-04
 18  384   -7.1439128600000003e-04
 18  385   -5.5821236600000004e-04
 18  386   -1.9077316099999999e-04
 18  387   -5.6110950000000002e-05
 18  388   -4.3265742200000002e-04
 18  389   -2.9871203599999999e-04
 18  390    8.5244909999999998e-06
 18  391    1.4178354099999999e-04
 18  392    2.9142188553850001e+00
 18  393    9.6832700755699996e-01
 18  394   -3.7489954292099997e-01
 18  395    4.2294428219000001e-02
 18  396    1.5577005751000000e-02
 18  397   -6.3131444110000002e-03
 18  398    3.0765652332000001e-02
 18  399    1.9565674815000000e-02
 18  400    6.0433050440000004e-03
 18  401   -2.5940480919999999e-03
 18  402   -3.7271926999999999e-04
 18  403   -1.5391218499999999e-04
 18  404    1.6853528706000001e-02
 18  405   -1.1935587430000000e-03
 18  406    1.9298107270000000e-03
 18  407    8.3041491900000004e-04
 18  408   -4.4517562199999997e-04
 18  409   -2.7563547999999999e-05
 18  410    1.5336564990000000e-03
 18  411   -5.8606875800000003e-04
 18  412    4.5224997700000000e-04
 18  413    4.7623571000000003e-05
 18  414   -2.2404435000000001e-05
 18  415    8.0720429000000007e-05
 18  416    9.2775679600000003e-04
 18  417    3.4741317900000002e-04
 18  418    1.3098533600000001e-04
 18  419   -5.7939560000000004e-06
 18  420   -2.1091650999999999e-05
 18  421   -2.6318830000000002e-05
 18  422    2.0086289199999999e-04
 18  423    1.7127056500000000e-04
 18  424    8.5327750000000003e-05
 18  425    6.8454133000000003e-05
 18  426    9.4759970000000005e-06
 18  427    9.4809650000000005e-06
 18  428   -1.8450190000000001e-04
 18  429    4.4429762999999998e-05
 18  430    1.8177072999999999e-05
 18  431    1.3598971000000000e-05
 18  432   -1.4742076999999999e-05
 18  433    2.2682729999999998e-06
 18  434   -3.7473423112999997e-02
 18  435    5.2546260083999999e-02
 18  436    3.7996886469999998e-02
 18  437    5.3137074430000004e-03
 18  438   -2.7481370870000000e-03
 18  439    5.8389062100000001e-04
 18  440   -1.1386782497000000e-02
 18  441    1.3276541911000000e-02
 18  442    2.6905341191999999e-02
 18  443   -1.9866689350000002e-03
 18  444   -1.6242197799999999e-04
 18  445    7.3769296999999997e-05
 18  446    2.4615923921999999e-02
 18  447    8.4906079789999998e-03
 18  448    3.6703157919999998e-03
 18  449    6.2969194499999995e-04
 18  450    4.8122181300000000e-04
 18  451   -1.8611273800000000e-04
 18  452    5.4846283989999998e-03
 18  453    8.3669227780000001e-03
 18  454    4.7653343850000002e-03
 18  455   -1.2042442999999999e-05
 18  456   -1.4809142000000000e-05
 18  457    9.0223270999999995e-05
 18  458    1.4881310579999999e-03
 18  459    1.8781496270000001e-03
 18  460    1.7186134000000001e-04
 18  461   -6.0869048999999997e-05
 18  462   -5.0979844999999999e-05
 18  463   -4.3125097999999999e-05
 18  464    1.0057826899999999e-04
 18  465    1.3336070000000001e-05
 18  466   -2.0879845699999999e-04
 18  467   -2.9228099999999999e-05
 18  468    3.4703170000000001e-05
 18  469    4.6957742000000001e-05
 18  470   -1.8236776600000001e-04
 18  471    1.0021421499999999e-04
 18  472   -2.5870770000000002e-06
 18  473   -1.0349164000000001e-05
 18  474    6.8098569999999997e-06
 18  475   -2.7132423000000001e-05
 18  476   -9.5773696827000002e-02
 18  477   -1.6022701300000001e-02
 18  478    2.0548140587999999e-02
 18  479   -1.1068963043000001e-02
 18  480   -3.0885287410000002e-03
 18  481    1.1082442200000000e-03
 18  482   -6.0638955733000002e-02
 18  483   -3.8555372270000000e-03
 18  484    1.2826531722000000e-02
 18  485    9.9698472199999996e-04
 18  486    1.1176034930000000e-03
 18  487    2.0452795199999999e-04
 18  488   -2.7530599991000000e-02
 18  489    8.3694707619999999e-03
 18  490    6.4674007469999999e-03
 18  491    6.6338390899999997e-04
 18  492    9.9949687800000007e-04
 18  493    1.3959327700000001e-04
 18  494    1.2631139741999999e-02
 18  495    1.9316212826000000e-02
 18  496    6.3503121770000000e-03
 18  497    6.7375470700000004e-04
 18  498    8.5685559000000006e-05
 18  499   -3.2228623000000001e-05
 18  500    2.3861112949999999e-03
 18  501    5.5943830199999996e-03
 18  502    1.3072540720000000e-03
 18  503   -1.7805394600000000e-04
 18  504   -3.5234339000000002e-05
 18  505    3.1748441000000001e-05
 18  506   -2.4760124200000003e-04
 18  507    5.8273737399999997e-04
 18  508   -1.7699423900000000e-04
 18  509   -9.7027557999999998e-05
 18  510   -6.1195081000000001e-05
 18  511    1.7791240999999999e-05
 18  512    1.8296907799999999e-04
 18  513    1.0582531400000000e-04
 18  514   -2.9612034999999999e-05
 18  515    4.7375128999999999e-05
 18  516   -1.2227449999999999e-05
 18  517    1.3022812000000000e-05
 18  518    4.8332730097299997e-01
 18  519   -3.6844791281000003e-02
 18  520   -2.6339607277000000e-02
 18  521    5.9512386349999998e-03
 18  522    1.9888563470000001e-03
 18  523   -2.9767443830000001e-03
 18  524   -3.7672970937999997e-02
 18  525   -3.3873518323999999e-02
 18  526    3.8134932400000002e-04
 18  527    2.9250850419999998e-03
 18  528    1.0852523089999999e-03
 18  529    5.9422626900000001e-04
 18  530   -3.0582983271000001e-02
 18  531   -3.8751269570000001e-03
 18  532    7.1074281409999997e-03
 18  533    3.7524231060000000e-03
 18  534    9.1503496700000005e-04
 18  535    8.0143651499999999e-04
 18  536    6.4285714129999998e-03
 18  537    4.3962986129999996e-03
 18  538    6.1024460739999998e-03
 18  539    1.6806328670000001e-03
 18  540    1.5314771700000000e-04
 18  541   -2.4228897000000000e-05
 18  542   -7.6508256099999997e-04
 18  543    2.0338223700000001e-03
 18  544    2.1443803140000000e-03
 18  545   -9.3284778000000005e-05
 18  546   -2.5117010400000001e-04
 18  547   -5.9063198999999998e-05
 18  548    4.5870817799999999e-04
 18  549    1.1743352009999999e-03
 18  550    2.4785555500000001e-04
 18  551   -2.8434638700000002e-04
 18  552   -1.9200709299999999e-04
 18  553   -5.5426775000000001e-05
 18  554    2.1103159000000001e-04
 18  555    4.5442706799999998e-04
 18  556    6.9508915999999998e-05
 18  557   -5.7210126000000001e-05
 18  558   -2.4912716999999999e-05
 18  559   -6.9509249999999999e-06
 18  560   -3.7596249472000000e-02
 18  561    1.6072129372000001e-02
 18  562   -3.8272755188000003e-02
 18  563   -4.5463210039999999e-03
 18  564   -3.3102211169999999e-03
 18  565   -1.5788465400000000e-04
 18  566   -2.6746112506000001e-02
 18  567   -1.5753068889999999e-02
 18  568    8.0620313800000001e-04
 18  569    1.4599179580000001e-03
 18  570    1.1374572980000000e-03
 18  571    8.5231415599999999e-04
 18  572   -1.6750817620000000e-02
 18  573   -8.2850757660000007e-03
 18  574    3.7057424540000001e-03
 18  575    3.2294515719999998e-03
 18  576    1.9410218510000001e-03
 18  577    1.0341214880000000e-03
 18  578   -1.3491725008000000e-02
 18  579   -3.5037605700000002e-03
 18  580    4.8668144960000003e-03
 18  581    1.4904220690000001e-03
 18  582    8.6513601000000001e-05
 18  583    4.5605343000000000e-05
 18  584   -3.0755185069999999e-03
 18  585   -6.3351355999999998e-05
 18  586    2.6124440879999999e-03
 18  587   -3.6652298999999999e-05
 18  588   -4.3767918399999998e-04
 18  589   -1.6087623300000000e-04
 18  590   -5.1998348200000004e-04
 18  591    8.9926236600000001e-04
 18  592    7.8644795999999997e-04
 18  593   -2.0349212100000000e-04
 18  594   -4.0166340299999998e-04
 18  595   -1.3142172099999999e-04
 18  596    1.3586203000000000e-05
 18  597    9.4638273600000005e-04
 18  598    1.3966816100000000e-04
 18  599   -2.2231254200000001e-04
 18  600   -1.7408357600000001e-04
 18  601   -2.7179393000000000e-05
 18  602   -3.5149257949999999e-02
 18  603   -5.3647762350000003e-03
 18  604   -7.1804776709999997e-03
 18  605   -3.4478348829999998e-03
 18  606   -1.8797993510000000e-03
 18  607   -6.6714347299999999e-04
 18  608   -5.7531050949999997e-03
 18  609   -1.9328100150000000e-03
 18  610   -8.0073468899999995e-04
 18  611    4.5895722100000000e-04
 18  612    9.7515727400000003e-04
 18  613    5.9878488600000003e-04
 18  614   -8.2674198629999994e-03
 18  615   -7.6394858239999999e-03
 18  616   -2.5966758000000000e-03
 18  617    4.8823968900000002e-04
 18  618    9.2506581699999997e-04
 18  619    7.1507740700000005e-04
 18  620   -4.5705438659999998e-03
 18  621   -4.5958227199999999e-04
 18  622    2.2115046590000000e-03
 18  623    1.4464871470000001e-03
 18  624    4.6547608900000001e-04
 18  625    1.2102020800000000e-04
 18  626   -9.4323653100000001e-04
 18  627    6.2888573500000002e-04
 18  628    1.0858156599999999e-03
 18  629    6.8657564999999996e-05
 18  630   -3.6046851299999997e-04
 18  631   -3.0657022300000002e-04
 18  632   -1.3875205299999999e-04
 18  633    8.4346775799999999e-04
 18  634    5.1803159199999998e-04
 18  635   -3.6261772300000001e-04
 18  636   -5.1231363799999997e-04
 18  637   -2.3525626899999999e-04
 18  638    1.7770234100000001e-04
 18  639    8.2830290500000001e-04
 18  640    2.4223432500000000e-04
 18  641   -2.3016155900000001e-04
 18  642   -2.2942461699999999e-04
 18  643   -1.0268691800000000e-04
 18  644    2.1753259164000002e-02
 18  645    4.4017361060000003e-03
 18  646    2.3701346900000001e-03
 18  647    6.0449842300000002e-04
 18  648    1.3569612509999999e-03
 18  649    5.5554757999999997e-05
 18  650    4.4400154760000001e-03
 18  651    8.4161549699999995e-04
 18  652    1.2711018980000001e-03
 18  653    8.4357448900000004e-04
 18  654    6.9491276999999996e-04
 18  655    5.4847637300000003e-04
 18  656   -8.9943806099999999e-04
 18  657   -9.2167804000000005e-04
 18  658    3.0665154600000000e-04
 18  659    4.6680938299999998e-04
 18  660    7.5102975199999999e-04
 18  661    7.0797286299999998e-04
 18  662    1.2728356220000001e-03
 18  663    6.9483542500000002e-04
 18  664    1.2656900939999999e-03
 18  665    1.2807160399999999e-03
 18  666    6.9998613699999998e-04
 18  667    2.9318089100000000e-04
 18  668    7.2553437300000004e-04
 18  669    1.0909351119999999e-03
 18  670    1.0921105889999999e-03
 18  671    2.5786555499999998e-04
 18  672   -2.1380090199999999e-04
 18  673   -2.1038645299999999e-04
 18  674    6.9465220099999999e-04
 18  675    8.9036971999999995e-04
 18  676    5.6207835600000002e-04
 18  677   -2.1582279799999999e-04
 18  678   -4.8906738700000001e-04
 18  679   -3.0620043800000000e-04
 18  680    4.1536670099999998e-04
 18  681    7.9274406600000002e-04
 18  682    2.9514354199999999e-04
 18  683   -2.6535042100000002e-04
 18  684   -2.8557799899999999e-04
 18  685   -1.1634964400000000e-04
 18  686    6.4450159910000001e-03
 18  687   -4.9916297500000005e-04
 18  688   -3.0655462460000000e-03
 18  689   -2.9742088500000000e-03
 18  690   -2.1478991389999999e-03
 18  691   -8.8001425599999999e-04
 18  692    2.4338497929999999e-03
 18  693    2.7306717029999998e-03
 18  694    5.4195019300000001e-04
 18  695    4.3836863700000002e-04
 18  696    5.0531343499999996e-04
 18  697    3.6696485400000001e-04
 18  698    1.7994291229999999e-03
 18  699    2.6097844250000000e-03
 18  700    1.5227498850000000e-03
 18  701    1.0622407760000000e-03
 18  702    8.0593021900000005e-04
 18  703    5.7169241700000002e-04
 18  704   -4.4291057899999999e-04
 18  705    6.6970002999999995e-04
 18  706    1.2014780330000000e-03
 18  707    8.7330769499999997e-04
 18  708    5.2940294000000004e-04
 18  709    2.7149808400000000e-04
 18  710   -7.0235246900000002e-04
 18  711    6.5922698900000001e-04
 18  712    1.0611950390000001e-03
 18  713    3.9453249299999999e-04
 18  714    8.0439130000000002e-05
 18  715   -9.8054018000000003e-05
 18  716   -1.3785544500000000e-04
 18  717    6.2787219400000001e-04
 18  718    8.2026394700000001e-04
 18  719    6.8164582999999995e-05
 18  720   -2.2831533600000000e-04
 18  721   -2.0536282100000000e-04
 18  722   -1.5045492300000000e-04
 18  723    4.4708393800000002e-04
 18  724    4.2283511900000000e-04
 18  725   -1.0439049899999999e-04
 18  726   -2.0856406700000001e-04
 18  727   -1.2359948700000001e-04
 18  728   -1.0214698510000000e-03
 18  729    5.1707962900000002e-04
 18  730    4.4011682400000001e-04
 18  731   -1.2038738600000000e-04
 18  732   -3.0374513300000002e-04
 18  733   -3.0914815600000000e-04
 18  734    2.9420687400000001e-04
 18  735    8.8087764299999999e-04
 18  736    6.1799510599999999e-04
 18  737    3.2068242900000000e-04
 18  738    3.5686674700000000e-04
 18  739    3.5010872799999998e-04
 18  740    1.5269146630000000e-03
 18  741    1.8847189300000000e-03
 18  742    9.6712954299999995e-04
 18  743    6.7122418600000001e-04
 18  744    4.7991928800000003e-04
 18  745    3.3810160600000001e-04
 18  746    8.1840593399999998e-04
 18  747    1.2155666700000001e-03
 18  748    8.9744328599999999e-04
 18  749    7.5236270500000002e-04
 18  750    5.8035287699999998e-04
 18  751    3.1992850199999998e-04
 18  752    4.1847823400000000e-04
 18  753    8.8200177700000003e-04
 18  754    6.1147794800000003e-04
 18  755    4.7412294900000000e-04
 18  756    1.8086061400000001e-04
 18  757    8.2999130000000005e-06
 18  758    1.8358565399999999e-04
 18  759    7.0240016900000003e-04
 18  760    6.3546197400000004e-04
 18  761    1.9806510699999999e-04
 18  762   -8.6084807999999995e-05
 18  763   -1.1626423300000000e-04
 18  764    8.0118541999999997e-05
 18  765    4.7666844499999998e-04
 18  766    2.7021663100000002e-04
 18  767   -7.6637140000000008e-06
 18  768   -1.3091728199999999e-04
 18  769   -4.8999524000000003e-05
