  4    4   14    0    0    7.2963390680556017e-01
  4    4   14    0    1    2.8474836856671126e-02
  4    4   14    0    2    1.3267113904937686e-03
  4    4   14    0    3    2.5155765532868557e-05
  4    4   14    0    4    9.4450662841872462e-04
  4    4   14    0    5    1.9545684096981852e-05
  4    4   14    0    6    2.5073475417217561e-01
  4    4   14    0    7   -1.7285447775993285e-03
  4    4   14    0    8   -6.5961159823766666e-03
  4    4   14    0    9   -1.1139480814034834e-03
  4    4   14    0   10    2.3081845662371986e-04
  4    4   14    0   11   -3.5462870360091636e-04
  4    4   14    0   12    7.5276465935081818e-02
  4    4   14    0   13    1.3333741153043567e-02
  4    4   14    0   14    1.9488797113779495e-03
  4    4   14    0   15   -5.2844443661685743e-05
  4    4   14    0   16    4.5848498956107587e-04
  4    4   14    0   17   -4.5031365261013990e-05
  4    4   14    0   18    7.8944932571794205e-02
  4    4   14    0   19    7.3715770056446382e-03
  4    4   14    0   20    4.6899002696132548e-03
  4    4   14    0   21   -3.0243595023516294e-05
  4    4   14    0   22    9.8243670881788454e-04
  4    4   14    0   23    6.4477459514279125e-04
  4    4   14    0   24   -2.3457337575340489e-02
  4    4   14    0   25   -1.6914096490642616e-03
  4    4   14    0   26    6.9165172723772853e-04
  4    4   14    0   27   -1.5691043809243309e-03
  4    4   14    0   28   -9.8843105423143717e-04
  4    4   14    0   29   -7.6934765065024850e-04
  4    4   14    0   30   -2.4374658507178241e-03
  4    4   14    0   31    2.8775172037853436e-03
  4    4   14    0   32    6.3105255118278544e-03
  4    4   14    0   33    1.6228893497953118e-03
  4    4   14    0   34    6.1940311709187899e-06
  4    4   14    0   35    7.4570127627830967e-04
  4    4   14    0   36    1.0045743998403682e-01
  4    4   14    0   37    4.3962440154699071e-02
  4    4   14    0   38    2.1052245579004668e-02
  4    4   14    0   39   -1.1543603299093762e-03
  4    4   14    0   40    1.0963648927139497e-03
  4    4   14    0   41    1.7241992205899305e-03
  4    4   14    0   42    4.3382229170321252e-04
  4    4   14    0   43   -8.1154105855320324e-04
  4    4   14    0   44   -9.7893136102554252e-04
  4    4   14    0   45   -5.1796815336501692e-04
  4    4   14    0   46    2.4876123558364677e-03
  4    4   14    0   47   -1.2955451562398836e-03
  4    4   14    0   48   -9.4605974066098574e-04
  4    4   14    0   49    6.2083322794146420e-04
  4    4   14    0   50   -4.0245823776733788e-06
  4    4   14    0   51   -1.6356130167378316e-02
  4    4   14    0   52   -3.6673195099969212e-02
  4    4   14    0   53   -9.8008572870901117e-03
  4    4   14    0   54   -1.8833154771453996e-02
  4    4   14    0   55    3.3748283203586726e-03
  4    4   14    0   56   -1.7913653010133590e-03
  4    4   14    0   57   -1.0705605442445082e-02
  4    4   14    0   58   -1.5899614927883156e-03
  4    4   14    0   59   -1.2508527806240064e-03
  4    4   14    0   60    5.5066269265817273e-04
  4    4   14    0   61   -2.7881520267583702e-03
  4    4   14    0   62   -1.6249174016182586e-03
  4    4   14    0   63   -7.7268638531865466e-04
  4    4   14    0   64    4.9289102928327824e-04
  4    4   14    0   65    6.1661462269534529e-04
  4    4   14    0   66    3.3563113468166594e-02
  4    4   14    0   67   -6.8841066202927556e-03
  4    4   14    0   68    6.7996002847526644e-03
  4    4   14    0   69    2.8351625739014407e-03
  4    4   14    0   70    8.4183039899675947e-05
  4    4   14    0   71   -8.3368728172789346e-04
  4    4   14    0   72    2.7705325921611379e-03
  4    4   14    0   73   -5.7949728322984084e-04
  4    4   14    0   74    6.2618633313920344e-04
  4    4   14    0   75    3.7817775285478307e-04
  4    4   14    0   76    3.4658388252753435e-03
  4    4   14    0   77   -6.1808410204544094e-05
  4    4   14    0   78   -2.2478990703709323e-04
  4    4   14    0   79    6.4640111285310014e-04
  4    4   14    0   80    5.3302490831730039e-04
  4    4   14    0   81   -1.4154867038185998e-02
  4    4   14    0   82    1.2667097124404662e-02
  4    4   14    0   83    8.8558854687691702e-03
  4    4   14    0   84    8.0472713811277838e-03
  4    4   14    0   85    2.0349931503098745e-03
  4    4   14    0   86    1.3201936377909329e-04
  4    4   14    0   87    2.3398763878161610e-03
  4    4   14    0   88    1.6533753561127097e-03
  4    4   14    0   89    9.4819219906031916e-04
  4    4   14    0   90    3.7724831331720243e-04
  4    4   14    0   91    3.1330733674689417e-03
  4    4   14    0   92    4.6512299702222454e-04
  4    4   14    0   93    6.8808648896299994e-04
  4    4   14    0   94    6.6357381466927462e-04
  4    4   14    0   95   -1.4968911708482854e-04
  4    4   14    0   96    1.0417840070448787e-02
  4    4   14    0   97    1.2355994915842551e-03
  4    4   14    0   98    5.0738828760290438e-04
  4    4   14    0   99   -2.0979543369771124e-04
  4    4   14    0  100    4.4841019383607268e-04
  4    4   14    0  101    2.2487262867787205e-03
  4    4   14    0  102   -3.5290601825131718e-03
  4    4   14    0  103    1.4685016530998851e-04
  4    4   14    0  104   -7.5916659971001971e-05
  4    4   14    0  105   -3.0416758965699233e-04
  4    4   14    0  106   -3.1732616257655853e-03
  4    4   14    0  107    3.3252179865571866e-04
  4    4   14    0  108   -5.2069422259812855e-04
  4    4   14    0  109    2.0575858929125767e-04
  4    4   14    0  110    7.4813705603398643e-04
  4    4   14    0  111    2.0634814750529564e-03
  4    4   14    0  112   -2.0921611254702010e-03
  4    4   14    0  113    5.5187787972093205e-03
  4    4   14    0  114    4.0937160399387727e-04
  4    4   14    0  115    1.8094498070204787e-03
  4    4   14    0  116    2.4289222347836079e-03
  4    4   14    0  117   -1.4339999129543881e-03
  4    4   14    0  118    2.4584245586697904e-03
  4    4   14    0  119    1.6719639434460178e-03
  4    4   14    0  120    9.8810869427330391e-04
  4    4   14    0  121    7.8198162875318174e-04
  4    4   14    0  122    1.3401887578840825e-03
  4    4   14    0  123    1.8522522561635736e-03
  4    4   14    0  124    7.4819352182722956e-05
  4    4   14    0  125   -1.9819633912671541e-04
  4    4   14    0  126    2.0168759227138528e-03
  4    4   14    0  127   -2.3867218613157323e-03
  4    4   14    0  128   -7.8515204826429112e-04
  4    4   14    0  129   -6.3527148136695961e-04
  4    4   14    0  130   -9.6564419017203956e-05
  4    4   14    0  131    8.1915476504822744e-03
  4    4   14    0  132   -3.7372956595901571e-03
  4    4   14    0  133    2.1908075752269289e-03
  4    4   14    0  134    1.4720429615022244e-04
  4    4   14    0  135    5.9587976573251527e-04
  4    4   14    0  136    5.6092571651400079e-03
  4    4   14    0  137    1.2499045534048204e-02
  4    4   14    0  138   -1.8129249040836108e-03
  4    4   14    0  139   -4.2871569434757979e-04
  4    4   14    0  140    2.7303426300548530e-04
  4    4   14    0  141    7.7752236907825843e-03
  4    4   14    0  142   -1.6432070770781612e-03
  4    4   14    0  143    4.2757729370796409e-05
  4    4   14    0  144   -4.0999668575384415e-04
  4    4   14    0  145   -1.6670445538490185e-04
  4    4   14    0  146   -5.8951027056528948e-03
  4    4   14    0  147   -7.3295039559306127e-03
  4    4   14    0  148    4.8441486611917639e-04
  4    4   14    0  149    7.2685253432478494e-05
  4    4   14    0  150    2.1429084813001463e-04
  4    4   14    0  151   -1.1791960561212608e-03
  4    4   14    0  152   -1.8277060072728359e-03
  4    4   14    0  153   -8.5803539991761296e-04
  4    4   14    0  154   -3.1326499784963571e-04
  4    4   14    0  155   -1.2911898324546166e-03
  4    4   14    0  156   -1.6365953379394033e-02
  4    4   14    0  157    2.1132491140885747e-03
  4    4   14    0  158   -1.8228429890124484e-03
  4    4   14    0  159    1.3472272321971711e-03
  4    4   14    0  160    1.6178796933341399e-03
  4    4   14    0  161   -7.0705213608783469e-04
  4    4   14    0  162   -4.1838586635437676e-04
  4    4   14    0  163    3.5642545301339823e-04
  4    4   14    0  164   -9.0801767892118219e-04
  4    4   14    0  165   -5.3247389367806785e-04
  4    4   14    0  166    7.9740933025472093e-03
  4    4   14    0  167    5.1187885457591375e-03
  4    4   14    0  168   -1.1135466167549626e-03
  4    4   14    0  169    1.6306980883888233e-03
  4    4   14    0  170    1.9500002265604689e-03
  4    4   14    0  171   -4.8067687494669304e-04
  4    4   14    0  172    6.9471545263191800e-04
  4    4   14    0  173   -2.9674498265013383e-05
  4    4   14    0  174   -2.5636318582647960e-04
  4    4   14    0  175    8.4056980464687354e-05
  4    4   14    0  176    1.1274568191721544e-02
  4    4   14    0  177   -2.4181680140670901e-04
  4    4   14    0  178    2.4858590504317790e-03
  4    4   14    0  179   -2.7028642230670757e-04
  4    4   14    0  180    1.1590800076861989e-03
  4    4   14    0  181    3.1221493289669989e-04
  4    4   14    0  182    5.3574218308995070e-06
  4    4   14    0  183    1.7938600638173322e-04
  4    4   14    0  184   -1.1906163573960982e-04
  4    4   14    0  185   -3.1937834916369458e-04
  4    4   14    0  186   -1.5521690889167556e-03
  4    4   14    0  187    1.0764731631496803e-04
  4    4   14    0  188   -2.4721954781117090e-03
  4    4   14    0  189   -1.2067346647179822e-03
  4    4   14    0  190   -2.1642254048953925e-03
  4    4   14    0  191   -1.6948768230532572e-04
  4    4   14    0  192   -9.8176160358352371e-04
  4    4   14    0  193   -2.5437664695669840e-04
  4    4   14    0  194   -1.2491679525463476e-03
  4    4   14    0  195   -2.3356434487159487e-04
  4    4   14    0  196   -4.7157153869843505e-03
  4    4   14    0  197   -2.0850883745534559e-04
  4    4   14    0  198   -2.7817432550777126e-03
  4    4   14    0  199   -1.3633179068879720e-03
  4    4   14    0  200   -7.0137741725369892e-04
  4    4   14    0  201    1.1081175032519833e-03
  4    4   14    0  202    1.1369623310327744e-03
  4    4   14    0  203   -1.6755308991637616e-04
  4    4   14    0  204    3.8370869767722455e-04
  4    4   14    0  205    2.8225688685714657e-04
  4    4   14    0  206   -2.4695909969339605e-03
  4    4   14    0  207   -2.3205736267879174e-03
  4    4   14    0  208   -2.1830768736723883e-03
  4    4   14    0  209   -1.0138625374486710e-03
  4    4   14    0  210   -1.6991955946392976e-03
  4    4   14    0  211   -7.8375085222832626e-04
  4    4   14    0  212   -1.0301998997736686e-03
  4    4   14    0  213   -8.6563081497475233e-04
  4    4   14    0  214   -1.0810146146483035e-03
  4    4   14    0  215   -1.0014184932102127e-03
  4    4   14    0  216    1.6389347072384122e-01
  4    4   14    0  217   -7.3725406232557758e-02
  4    4   14    0  218    2.6631815856827688e-02
  4    4   14    0  219    1.9270407872552871e-03
  4    4   14    0  220    1.3387932586832667e-03
  4    4   14    0  221   -1.3904325440111937e-02
  4    4   14    0  222   -1.5063995921192487e-02
  4    4   14    0  223   -4.1099278366854358e-04
  4    4   14    0  224   -1.6930972610219534e-03
  4    4   14    0  225   -1.3014834845799302e-03
  4    4   14    0  226   -4.8484181370404946e-03
  4    4   14    0  227   -4.9244958238577252e-03
  4    4   14    0  228   -6.5872179316938415e-04
  4    4   14    0  229   -5.4493081773834830e-05
  4    4   14    0  230   -3.1449780987434490e-04
  4    4   14    0  231   -1.2723556891958709e-03
  4    4   14    0  232    2.8135473662719548e-04
  4    4   14    0  233   -3.4665130917258848e-04
  4    4   14    0  234    3.8180498497326795e-04
  4    4   14    0  235    3.0491672106324120e-04
  4    4   14    0  236   -6.9552179564157438e-04
  4    4   14    0  237   -5.1702021341206870e-04
  4    4   14    0  238    4.0149382416628567e-04
  4    4   14    0  239   -2.0084597511120078e-04
  4    4   14    0  240   -1.6365831234384324e-04
  4    4   14    0  241   -5.7368969604361146e-05
  4    4   14    0  242   -1.6785484663595540e-04
  4    4   14    0  243    1.2666369110868046e-04
  4    4   14    0  244   -1.7874008642360407e-04
  4    4   14    0  245   -6.0199553207266174e-05
  4    4   14    0  246    1.2992671893511518e-01
  4    4   14    0  247    1.0641226519898304e-01
  4    4   14    0  248    1.2675429195061365e-02
  4    4   14    0  249   -1.1800341882937492e-03
  4    4   14    0  250    2.2572617458857503e-03
  4    4   14    0  251   -4.0563438127564320e-03
  4    4   14    0  252    1.2167619643430081e-02
  4    4   14    0  253   -3.1438105577506776e-03
  4    4   14    0  254   -7.1754700056476397e-04
  4    4   14    0  255   -6.0502906147918776e-05
  4    4   14    0  256    4.3863107221773778e-03
  4    4   14    0  257    4.0024948690478186e-03
  4    4   14    0  258   -1.6517154075072940e-03
  4    4   14    0  259   -2.2173271777169872e-03
  4    4   14    0  260   -1.0581959059816580e-04
  4    4   14    0  261   -1.2587870639200693e-04
  4    4   14    0  262   -7.0181476422258525e-06
  4    4   14    0  263    2.4538221680593213e-03
  4    4   14    0  264    5.4522543378022017e-04
  4    4   14    0  265    2.6204377485998222e-04
  4    4   14    0  266   -3.1985524684415872e-07
  4    4   14    0  267   -1.3789142839870188e-03
  4    4   14    0  268    4.3383811998475968e-04
  4    4   14    0  269    3.3294031417395209e-04
  4    4   14    0  270   -9.8513242084888929e-05
  4    4   14    0  271   -3.5180819306027881e-04
  4    4   14    0  272    1.6873852153652001e-04
  4    4   14    0  273   -4.5282984137327813e-06
  4    4   14    0  274   -2.2374414445343034e-04
  4    4   14    0  275   -2.3854439677618332e-04
  4    4   14    0  276   -1.6818725266013187e-02
  4    4   14    0  277   -1.0686678231561821e-01
  4    4   14    0  278   -1.9898348915309391e-03
  4    4   14    0  279   -5.2381346487416205e-03
  4    4   14    0  280   -5.0463653980346388e-03
  4    4   14    0  281   -1.0328191658832336e-02
  4    4   14    0  282   -4.0397183632224568e-03
  4    4   14    0  283   -2.3398133646347317e-03
  4    4   14    0  284    4.3716391410198629e-04
  4    4   14    0  285   -4.1631559889799869e-04
  4    4   14    0  286   -1.4740509236035053e-02
  4    4   14    0  287   -1.1052350263522455e-02
  4    4   14    0  288   -2.3510947837958839e-03
  4    4   14    0  289   -7.4206396251273287e-04
  4    4   14    0  290    1.4001523796239982e-04
  4    4   14    0  291   -3.5161101732090155e-03
  4    4   14    0  292    6.0152394914461671e-04
  4    4   14    0  293    5.8574769894119525e-04
  4    4   14    0  294    3.4059401247796491e-05
  4    4   14    0  295    7.0925719113360246e-04
  4    4   14    0  296   -2.2765877702115708e-03
  4    4   14    0  297    7.9070803511983021e-04
  4    4   14    0  298    5.9031035285629229e-04
  4    4   14    0  299    3.0295572742536559e-04
  4    4   14    0  300    4.1091154875211799e-04
  4    4   14    0  301   -1.0742235493862444e-03
  4    4   14    0  302   -4.0458452248136692e-04
  4    4   14    0  303    3.5775391755180888e-04
  4    4   14    0  304    4.2965552382200767e-04
  4    4   14    0  305    2.6072471608641195e-05
  4    4   14    0  306    1.8427635828770605e-02
  4    4   14    0  307   -2.9291932313894636e-02
  4    4   14    0  308    5.3168333764337808e-03
  4    4   14    0  309    1.5804892504616662e-03
  4    4   14    0  310    8.7704039030303511e-05
  4    4   14    0  311    1.3365162546438223e-04
  4    4   14    0  312   -8.0891684217360919e-05
  4    4   14    0  313    1.4107239342354386e-03
  4    4   14    0  314   -6.7970177050623260e-04
  4    4   14    0  315   -1.0395377891109841e-03
  4    4   14    0  316    1.9629642429342002e-04
  4    4   14    0  317   -4.2273272924807015e-03
  4    4   14    0  318    1.5233329169976528e-03
  4    4   14    0  319   -8.6921021320854319e-04
  4    4   14    0  320   -5.4835134601304058e-04
  4    4   14    0  321   -4.8142107486691361e-04
  4    4   14    0  322   -2.7197451489470838e-03
  4    4   14    0  323   -6.3222388516331657e-04
  4    4   14    0  324   -4.9917390516106145e-04
  4    4   14    0  325   -4.1326153842431376e-04
  4    4   14    0  326   -6.8634067071247050e-04
  4    4   14    0  327   -2.4204668818823526e-04
  4    4   14    0  328   -8.2728017262203289e-05
  4    4   14    0  329    3.3906842601735311e-04
  4    4   14    0  330    1.7404653267679050e-04
  4    4   14    0  331    8.2838941615796975e-04
  4    4   14    0  332   -2.0027983134883828e-04
  4    4   14    0  333    2.1319804279963745e-05
  4    4   14    0  334    3.8395234287655252e-04
  4    4   14    0  335   -2.8786788580251372e-04
  4    4   14    0  336   -1.4996122382757015e-03
  4    4   14    0  337   -8.4695100103881018e-04
  4    4   14    0  338   -3.0203134082188014e-03
  4    4   14    0  339    7.2154108840412935e-03
  4    4   14    0  340    2.2347655931799627e-03
  4    4   14    0  341   -1.9401633929320926e-04
  4    4   14    0  342    8.4003739491787400e-03
  4    4   14    0  343    3.5181398435654774e-03
  4    4   14    0  344    1.7685233087464847e-03
  4    4   14    0  345    4.2374534669842366e-04
  4    4   14    0  346    4.0216485422629334e-03
  4    4   14    0  347    7.4045415588439387e-03
  4    4   14    0  348    1.2136994433275851e-04
  4    4   14    0  349    9.9740905727721345e-04
  4    4   14    0  350    8.5235193840319694e-04
  4    4   14    0  351    9.7653360480174181e-04
  4    4   14    0  352    1.1548936893653941e-03
  4    4   14    0  353   -5.7556539310815887e-04
  4    4   14    0  354    8.4340296582615599e-05
  4    4   14    0  355    6.2322877843334998e-04
  4    4   14    0  356    1.4785208671836034e-03
  4    4   14    0  357    1.2859889929727063e-03
  4    4   14    0  358    1.0883420290301717e-03
  4    4   14    0  359    5.0991206358789673e-04
  4    4   14    0  360    4.8717030729678811e-07
  4    4   14    0  361    7.8516275600666260e-04
  4    4   14    0  362    1.4536501312017234e-03
  4    4   14    0  363    3.4989978721154295e-04
  4    4   14    0  364    3.9169539469227307e-04
  4    4   14    0  365    6.3956776788167400e-04
  4    4   14    0  366    9.4313050914560242e-03
  4    4   14    0  367    2.0511258977524761e-03
  4    4   14    0  368    8.2086751878871096e-04
  4    4   14    0  369   -1.3940184385806454e-03
  4    4   14    0  370   -3.8477344888339531e-03
  4    4   14    0  371    2.5337499420282155e-03
  4    4   14    0  372    5.5881195341350347e-03
  4    4   14    0  373    7.9508255328514666e-04
  4    4   14    0  374    1.1838340665362725e-03
  4    4   14    0  375    1.0779733714187541e-03
  4    4   14    0  376    1.4085170172689627e-03
  4    4   14    0  377    3.7369236225891032e-03
  4    4   14    0  378    1.9631901081446157e-03
  4    4   14    0  379    1.0060712652485029e-03
  4    4   14    0  380    4.3804201594989828e-04
  4    4   14    0  381    2.7579048633171763e-03
  4    4   14    0  382    2.7917482297112172e-03
  4    4   14    0  383    1.1564345976627060e-03
  4    4   14    0  384    7.3081551278091712e-05
  4    4   14    0  385   -1.8915084014801221e-05
  4    4   14    0  386    4.0637380145531072e-05
  4    4   14    0  387    2.0574805663718127e-03
  4    4   14    0  388   -5.3574106336804655e-04
  4    4   14    0  389    7.7198507462446404e-04
  4    4   14    0  390    6.9732244656369520e-04
  4    4   14    0  391   -9.0045952629504167e-04
  4    4   14    0  392    9.5647469114872768e-04
  4    4   14    0  393    1.1248538837804933e-03
  4    4   14    0  394   -1.8055549201779651e-04
  4    4   14    0  395    1.6926505640883302e-04
  4    4   14    0  396   -2.6449716538805546e-03
  4    4   14    0  397   -4.4576250116944464e-03
  4    4   14    0  398   -1.2163978204013210e-03
  4    4   14    0  399    3.9951384434911142e-05
  4    4   14    0  400    9.3098865795640160e-04
  4    4   14    0  401    2.6883876120331767e-03
  4    4   14    0  402    3.1577301503786558e-03
  4    4   14    0  403    1.7510767818684962e-03
  4    4   14    0  404    1.1526061132533126e-03
  4    4   14    0  405    4.3318993571956114e-04
  4    4   14    0  406    3.6128397797972238e-03
  4    4   14    0  407    4.1007662992223002e-03
  4    4   14    0  408    1.8720876740267755e-03
  4    4   14    0  409    9.9830165209891788e-04
  4    4   14    0  410    5.9990993343818962e-04
  4    4   14    0  411    1.5235952528286033e-03
  4    4   14    0  412    1.3573145935083127e-03
  4    4   14    0  413    6.1776394197222441e-04
  4    4   14    0  414    1.8765233349383323e-04
  4    4   14    0  415    9.7232018247798787e-06
  4    4   14    0  416    5.4513047913060152e-04
  4    4   14    0  417    6.8871018289884791e-04
  4    4   14    0  418    2.0102020507029763e-04
  4    4   14    0  419   -3.3665633108213400e-04
  4    4   14    0  420    2.3256952183054052e-06
  4    4   14    0  421    1.1700468912371126e-03
  4    4   14    0  422    8.9938299589820234e-04
  4    4   14    0  423    9.0511423332897370e-05
  4    4   14    0  424    2.2198448423754031e-04
  4    4   14    0  425    2.5351488359953619e-04
  6    8    8    0    0   -7.3456295841765426e-02
  6    8    8    0    1   -3.3396164051823695e-03
  6    8    8    0    2   -3.9704517303700247e-03
  6    8    8    0    3    2.1141065077727181e-03
  6    8    8    0    4   -3.1752177859523177e-04
  6    8    8    0    5    2.1495839382828462e-05
  6    8    8    0    6    3.8381690866506321e-02
  6    8    8    0    7   -2.0518649720597536e-02
  6    8    8    0    8    1.2683446628168343e-02
  6    8    8    0    9    4.8244656700747110e-03
  6    8    8    0   10    2.2650127043649147e-04
  6    8    8    0   11   -1.8319992671005035e-04
  6    8    8    0   12   -1.8417264922474942e-03
  6    8    8    0   13   -1.4625571492802917e-02
  6    8    8    0   14    1.7317881459196285e-04
  6    8    8    0   15    3.8177510286049160e-03
  6    8    8    0   16    7.1757006556013854e-04
  6    8    8    0   17   -2.8161504316407868e-04
  6    8    8    0   18    3.8232337976014190e-03
  6    8    8    0   19   -9.0006875857557135e-04
  6    8    8    0   20    6.7462644948206127e-04
  6    8    8    0   21   -1.3324660210150775e-03
  6    8    8    0   22    5.5371120182705726e-04
  6    8    8    0   23   -5.1326125107621927e-04
  6    8    8    0   24    4.1329333073858452e-03
  6    8    8    0   25    2.7695794992050747e-03
  6    8    8    0   26    4.9091200320594803e-05
  6    8    8    0   27    2.4529404511924950e-04
  6    8    8    0   28    5.1328740384296273e-04
  6    8    8    0   29   -9.3237500759010133e-04
  6    8    8    0   30   -2.2788180267626574e-03
  6    8    8    0   31    1.0468619490282454e-03
  6    8    8    0   32   -2.3730326397230713e-06
  6    8    8    0   33   -1.7316149849790809e-04
  6    8    8    0   34    1.1994636517109985e-03
  6    8    8    0   35   -2.1411978452533267e-04
  6    8    8    0   36    1.0334128814860755e-02
  6    8    8    0   37   -3.0455882368067181e-02
  6    8    8    0   38    4.1045419735507321e-05
  6    8    8    0   39    2.5137763493532899e-03
  6    8    8    0   40    7.0678302784082077e-03
  6    8    8    0   41   -1.4677341457219647e-03
  6    8    8    0   42    2.9144849986671678e-03
  6    8    8    0   43   -1.6646211867244515e-03
  6    8    8    0   44   -1.2702843237384044e-03
  6    8    8    0   45    1.1926904985631150e-03
  6    8    8    0   46   -4.0895133029450878e-03
  6    8    8    0   47   -2.8822093260419103e-04
  6    8    8    0   48    2.1463869607640684e-04
  6    8    8    0   49   -2.9820065808602560e-04
  6    8    8    0   50    2.0119466679298107e-04
  6    8    8    0   51   -5.2919733335342174e-02
  6    8    8    0   52    1.7395116080091717e-02
  6    8    8    0   53   -2.5943027107865916e-03
  6    8    8    0   54    1.6986281185899461e-02
  6    8    8    0   55    5.2651450066845068e-03
  6    8    8    0   56    1.7212013336126537e-03
  6    8    8    0   57    1.6969045986145830e-02
  6    8    8    0   58    7.1440967396450882e-04
  6    8    8    0   59   -1.3167493907547806e-05
  6    8    8    0   60    1.3702215256544803e-03
  6    8    8    0   61    9.0041090466040068e-03
  6    8    8    0   62    1.8840990005192319e-04
  6    8    8    0   63   -7.9255847523447347e-04
  6    8    8    0   64   -1.4668982338629367e-04
  6    8    8    0   65    1.2547871272866951e-04
  6    8    8    0   66   -2.5082632452505690e-02
  6    8    8    0   67   -2.6273546364655943e-02
  6    8    8    0   68   -1.6796880853961848e-03
  6    8    8    0   69    5.1134283548761412e-03
  6    8    8    0   70    1.6138243592443513e-03
  6    8    8    0   71    1.6274602185427569e-03
  6    8    8    0   72   -2.8403881508720112e-03
  6    8    8    0   73   -8.1961308209255158e-04
  6    8    8    0   74   -1.3481572550665681e-03
  6    8    8    0   75    1.5083576334882752e-03
  6    8    8    0   76    5.1894998000273336e-04
  6    8    8    0   77   -1.3165355824185324e-03
  6    8    8    0   78   -1.8418847301388949e-03
  6    8    8    0   79    2.4665580408786549e-04
  6    8    8    0   80   -1.5083715981970952e-04
  6    8    8    0   81   -4.0054779198059540e-03
  6    8    8    0   82   -8.9427480715378784e-03
  6    8    8    0   83    5.4474723705022151e-04
  6    8    8    0   84   -1.3583017142846199e-02
  6    8    8    0   85    2.1794135616417043e-03
  6    8    8    0   86    2.4742449100462980e-04
  6    8    8    0   87   -4.5504329394148802e-03
  6    8    8    0   88    1.7820545736056036e-04
  6    8    8    0   89   -6.7782084679121092e-04
  6    8    8    0   90   -2.1812373953511471e-05
  6    8    8    0   91   -6.2776401660940943e-03
  6    8    8    0   92   -5.7459856973015992e-04
  6    8    8    0   93   -2.1049290067391858e-03
  6    8    8    0   94   -3.3574979251110046e-04
  6    8    8    0   95   -7.5489717281641009e-04
  6    8    8    0   96    2.4682059296151277e-03
  6    8    8    0   97    4.9156863951949764e-03
  6    8    8    0   98    2.1987746461191080e-03
  6    8    8    0   99    1.3476202326916822e-03
  6    8    8    0  100    2.6559872142685155e-03
  6    8    8    0  101    4.7021544846601325e-04
  6    8    8    0  102    1.5305961457938899e-03
  6    8    8    0  103   -4.2685716940220904e-05
  6    8    8    0  104    1.6115504108934892e-04
  6    8    8    0  105    1.2185361266006949e-03
  6    8    8    0  106    1.3089162537474745e-03
  6    8    8    0  107    1.9127393511882268e-05
  6    8    8    0  108   -2.7524827822277687e-04
  6    8    8    0  109    2.1177048188958465e-04
  6    8    8    0  110   -3.3198824248602987e-04
  6    8    8    0  111   -1.2756580419962277e-03
  6    8    8    0  112   -2.8145182938497833e-03
  6    8    8    0  113   -1.5357455175466080e-04
  6    8    8    0  114   -1.4764574958232390e-03
  6    8    8    0  115    1.0967682084526071e-03
  6    8    8    0  116    3.8655657702263988e-04
  6    8    8    0  117   -1.5782595700426837e-03
  6    8    8    0  118    8.1064858000599036e-04
  6    8    8    0  119   -6.0719048795323139e-04
  6    8    8    0  120    4.0542711378722273e-04
  6    8    8    0  121   -1.7427735028561040e-03
  6    8    8    0  122    1.9067742081635362e-04
  6    8    8    0  123    6.2967795922679810e-05
  6    8    8    0  124   -3.4920841643240322e-05
  6    8    8    0  125   -2.8948401360620726e-04
  6    8    8    0  126   -5.5409117356445999e-03
  6    8    8    0  127    2.5778438566146859e-02
  6    8    8    0  128    7.1113346140607890e-04
  6    8    8    0  129   -1.7488719721300158e-04
  6    8    8    0  130   -6.8433302436867583e-05
  6    8    8    0  131   -1.4977816662918451e-02
  6    8    8    0  132    2.1148498022699577e-02
  6    8    8    0  133   -3.4608299132158249e-04
  6    8    8    0  134   -8.0304229862037280e-04
  6    8    8    0  135   -4.7191349944249243e-04
  6    8    8    0  136    1.0100995777194872e-02
  6    8    8    0  137   -8.1670733373940489e-04
  6    8    8    0  138   -4.4765175831582302e-03
  6    8    8    0  139   -6.7541454879899317e-04
  6    8    8    0  140    3.0593239632411965e-04
  6    8    8    0  141    4.3006082223763942e-03
  6    8    8    0  142    5.1229332119165022e-03
  6    8    8    0  143   -9.4622409629293225e-04
  6    8    8    0  144   -2.6326420700325978e-04
  6    8    8    0  145    9.7289582264589334e-04
  6    8    8    0  146    2.0663961914421216e-03
  6    8    8    0  147   -1.1601928700888076e-03
  6    8    8    0  148    4.8534285009023398e-04
  6    8    8    0  149   -9.5047938771770045e-04
  6    8    8    0  150    7.5220192303984831e-04
  6    8    8    0  151    1.1541152053399959e-03
  6    8    8    0  152    8.9528515092762999e-05
  6    8    8    0  153    2.3222690358809883e-04
  6    8    8    0  154   -7.6493119190826570e-04
  6    8    8    0  155    6.9596500728275306e-04
  6    8    8    0  156    1.1465240866651145e-02
  6    8    8    0  157    1.8998928671057466e-03
  6    8    8    0  158    8.8869695738902112e-03
  6    8    8    0  159    1.9580920546422858e-04
  6    8    8    0  160    2.0621671335917901e-03
  6    8    8    0  161   -1.0391513276634933e-04
  6    8    8    0  162    1.4859186769281194e-03
  6    8    8    0  163    1.2626346269602893e-03
  6    8    8    0  164    1.6687313865705855e-04
  6    8    8    0  165    1.8289972349283678e-04
  6    8    8    0  166    7.5000372581803974e-04
  6    8    8    0  167   -5.4242408193618660e-03
  6    8    8    0  168    1.0610891414280486e-02
  6    8    8    0  169   -1.7765457462855995e-03
  6    8    8    0  170    4.1187560489296202e-03
  6    8    8    0  171   -1.5423943846536033e-03
  6    8    8    0  172   -3.6545890216463237e-04
  6    8    8    0  173    2.7930828044171168e-03
  6    8    8    0  174    1.9815886990121382e-05
  6    8    8    0  175   -3.1895327569087420e-05
  6    8    8    0  176   -6.7902944905043100e-04
  6    8    8    0  177   -4.4075072544482443e-03
  6    8    8    0  178   -1.0431015413557882e-03
  6    8    8    0  179   -2.5847226669266613e-03
  6    8    8    0  180   -6.9825847753381435e-04
  6    8    8    0  181   -2.3544744812507468e-03
  6    8    8    0  182   -9.0621888144547973e-04
  6    8    8    0  183    1.3442368926707522e-03
  6    8    8    0  184   -2.7530231897041973e-05
  6    8    8    0  185    1.7387630930612902e-04
  6    8    8    0  186    4.5718452981401720e-03
  6    8    8    0  187    1.8262140016672538e-03
  6    8    8    0  188    1.8057442998353902e-03
  6    8    8    0  189    1.1949023338105038e-03
  6    8    8    0  190    2.7186151393737883e-03
  6    8    8    0  191   -2.6570238539709346e-04
  6    8    8    0  192    1.8576830739359380e-03
  6    8    8    0  193    3.4511275127013835e-03
  6    8    8    0  194    5.1354573155196908e-04
  6    8    8    0  195    7.3316990691827712e-04
  6    8    8    0  196   -2.1994178814371567e-03
  6    8    8    0  197   -1.0117760520131790e-03
  6    8    8    0  198    5.3743082746167468e-04
  6    8    8    0  199   -1.7498137992880149e-03
  6    8    8    0  200    9.2449798510853569e-04
  6    8    8    0  201   -6.3349283052689599e-04
  6    8    8    0  202   -1.4086048050203137e-04
  6    8    8    0  203    9.0710232172033344e-04
  6    8    8    0  204   -2.2121026591005868e-04
  6    8    8    0  205    1.6114968635664337e-04
  6    8    8    0  206    2.1252023056149479e-04
  6    8    8    0  207   -6.1400366107468307e-04
  6    8    8    0  208   -4.5853989734230490e-04
  6    8    8    0  209    5.3040487901251626e-04
  6    8    8    0  210    6.7992754152354981e-05
  6    8    8    0  211   -6.3087692352545104e-04
  6    8    8    0  212    4.7071349460935943e-04
  6    8    8    0  213    3.0417286154667722e-04
  6    8    8    0  214   -7.4332592135310295e-04
  6    8    8    0  215    1.0522074590510095e-04
  6    8    8    0  216   -3.3495222607741615e-01
  6    8    8    0  217    1.3402048546382667e-01
  6    8    8    0  218    1.9592044611406578e-02
  6    8    8    0  219   -1.9075083196557638e-02
  6    8    8    0  220    6.9809901109540249e-03
  6    8    8    0  221    2.0671052069007077e-02
  6    8    8    0  222    1.3229432345482879e-02
  6    8    8    0  223    6.8715490674282334e-03
  6    8    8    0  224    1.6831823810371075e-03
  6    8    8    0  225    4.9254595025720511e-04
  6    8    8    0  226    1.1219185322107644e-02
  6    8    8    0  227   -4.7546540419394238e-03
  6    8    8    0  228    1.0238088915001467e-03
  6    8    8    0  229    1.3582516008657508e-03
  6    8    8    0  230    4.6509974685726089e-04
  6    8    8    0  231    4.5452558070820390e-03
  6    8    8    0  232    1.9441732534756944e-03
  6    8    8    0  233    1.0993744738186340e-03
  6    8    8    0  234    6.7690354803658169e-04
  6    8    8    0  235    4.4869426408368046e-04
  6    8    8    0  236    5.3956097840758555e-04
  6    8    8    0  237    2.4162031153761847e-03
  6    8    8    0  238    2.2582951977712513e-04
  6    8    8    0  239   -2.1007208560494054e-04
  6    8    8    0  240   -5.5199748499907343e-05
  6    8    8    0  241    2.1393616338306223e-04
  6    8    8    0  242    2.1065059625966536e-04
  6    8    8    0  243   -1.6044549133084032e-04
  6    8    8    0  244    9.5375280330770195e-05
  6    8    8    0  245    1.5345653750856479e-04
  6    8    8    0  246    4.3608442372677379e-02
  6    8    8    0  247    3.2875005304119777e-02
  6    8    8    0  248   -1.2236222638045090e-02
  6    8    8    0  249   -1.6201407115930507e-03
  6    8    8    0  250   -6.5419149957226530e-03
  6    8    8    0  251    4.5864694430690481e-02
  6    8    8    0  252   -2.4548913550136962e-02
  6    8    8    0  253    2.4441892730950533e-03
  6    8    8    0  254    2.8798885266372390e-04
  6    8    8    0  255   -2.0233760691272954e-03
  6    8    8    0  256   -6.2949538988760750e-03
  6    8    8    0  257   -2.4877881022392804e-02
  6    8    8    0  258   -5.1162028559035271e-03
  6    8    8    0  259   -6.4202467835846645e-04
  6    8    8    0  260    8.5616479942389245e-05
  6    8    8    0  261    1.2196529798722974e-04
  6    8    8    0  262   -1.1850822702848729e-02
  6    8    8    0  263    1.4429754996922264e-03
  6    8    8    0  264   -4.5203160369622841e-04
  6    8    8    0  265   -3.5976647748853403e-04
  6    8    8    0  266   -2.0680154848168567e-03
  6    8    8    0  267   -3.0173488199481298e-03
  6    8    8    0  268    6.1686028903385056e-04
  6    8    8    0  269   -5.1491321603854749e-04
  6    8    8    0  270    2.3066977222083374e-04
  6    8    8    0  271   -7.4460080456354826e-04
  6    8    8    0  272   -7.8664801990591202e-04
  6    8    8    0  273   -4.6130182699333419e-05
  6    8    8    0  274   -1.1840458100536485e-04
  6    8    8    0  275    3.6791053619144166e-04
  6    8    8    0  276   -2.4039243058216690e-02
  6    8    8    0  277    3.2343518023023165e-03
  6    8    8    0  278    1.1604886321092970e-02
  6    8    8    0  279    1.4578029168220574e-02
  6    8    8    0  280    8.4440288932074344e-03
  6    8    8    0  281   -4.4161350251122533e-03
  6    8    8    0  282   -1.5554079504546330e-02
  6    8    8    0  283    5.8333370920914606e-04
  6    8    8    0  284   -1.6847661651345420e-04
  6    8    8    0  285   -6.7489996803546620e-04
  6    8    8    0  286    5.3580149434768395e-03
  6    8    8    0  287   -6.2629311923668137e-03
  6    8    8    0  288   -6.2470739822687287e-03
  6    8    8    0  289    2.8686115495220804e-04
  6    8    8    0  290   -1.4382235250214159e-03
  6    8    8    0  291    6.6113296333792353e-03
  6    8    8    0  292   -7.6307690554674569e-03
  6    8    8    0  293    4.0565783394269431e-03
  6    8    8    0  294    1.8193387112487313e-03
  6    8    8    0  295   -1.9809200129704605e-04
  6    8    8    0  296    2.7784786274312979e-03
  6    8    8    0  297   -4.1655020405826524e-03
  6    8    8    0  298    1.3622252761725157e-03
  6    8    8    0  299    3.3793225073868675e-04
  6    8    8    0  300   -2.2229267533495936e-04
  6    8    8    0  301    6.6747320516646555e-04
  6    8    8    0  302   -1.2968812346407497e-03
  6    8    8    0  303    1.9626981290806438e-04
  6    8    8    0  304   -4.9618356853258470e-04
  6    8    8    0  305    3.4600525552185918e-05
  6    8    8    0  306   -1.6054720056364508e-02
  6    8    8    0  307   -1.6800367401844898e-02
  6    8    8    0  308   -6.1577936582490628e-03
  6    8    8    0  309   -1.0206713437081920e-03
  6    8    8    0  310    1.5814784050008828e-03
  6    8    8    0  311   -8.6703493146783710e-03
  6    8    8    0  312    9.6664452753353000e-04
  6    8    8    0  313    2.0848192128201559e-03
  6    8    8    0  314   -1.5928068524201044e-04
  6    8    8    0  315   -8.8672731306109324e-04
  6    8    8    0  316    1.3348981079534523e-03
  6    8    8    0  317    9.3604673929233216e-04
  6    8    8    0  318    4.2410755111669494e-03
  6    8    8    0  319   -6.9209365938661623e-04
  6    8    8    0  320   -1.8950409320223122e-03
  6    8    8    0  321    5.0266795979163796e-03
  6    8    8    0  322    1.2869098144048206e-03
  6    8    8    0  323    4.3977034353106063e-03
  6    8    8    0  324    1.7754296043653577e-03
  6    8    8    0  325   -9.9852101510942144e-06
  6    8    8    0  326    1.3103555140049760e-03
  6    8    8    0  327   -8.7232951277860487e-04
  6    8    8    0  328    1.9450098893846895e-03
  6    8    8    0  329    8.4290521150428394e-04
  6    8    8    0  330   -2.0630264837755605e-04
  6    8    8    0  331    5.8789905632853441e-04
  6    8    8    0  332   -1.1381969046455403e-03
  6    8    8    0  333    2.6392112778617468e-04
  6    8    8    0  334   -4.4896073149227082e-04
  6    8    8    0  335   -3.5452220302445599e-04
  6    8    8    0  336   -1.0983362655818830e-02
  6    8    8    0  337   -1.1346897967765125e-02
  6    8    8    0  338   -1.0920951962505794e-02
  6    8    8    0  339   -2.9449878903849169e-03
  6    8    8    0  340   -5.6043050619551888e-03
  6    8    8    0  341   -1.6858379292817539e-03
  6    8    8    0  342   -2.2524159707861223e-03
  6    8    8    0  343    2.8303195695476130e-03
  6    8    8    0  344    1.0649057715800400e-03
  6    8    8    0  345   -4.5058676086870669e-04
  6    8    8    0  346   -1.6249193551796453e-03
  6    8    8    0  347   -3.2811949500538332e-03
  6    8    8    0  348    2.1803671087499326e-03
  6    8    8    0  349   -1.2328700261661388e-03
  6    8    8    0  350   -1.8858520757639009e-03
  6    8    8    0  351   -3.3315281575817942e-03
  6    8    8    0  352   -2.9810444038903942e-03
  6    8    8    0  353   -3.0391096026028438e-04
  6    8    8    0  354    3.2402872705555543e-04
  6    8    8    0  355   -3.6623835885285353e-04
  6    8    8    0  356   -1.1969431723112876e-03
  6    8    8    0  357   -3.2622477638957798e-03
  6    8    8    0  358    1.2457829260832975e-03
  6    8    8    0  359    4.3196331669962979e-04
  6    8    8    0  360   -7.8360732341191256e-04
  6    8    8    0  361   -1.8507981783342546e-03
  6    8    8    0  362   -3.0587774630843347e-03
  6    8    8    0  363   -4.0965315446300814e-04
  6    8    8    0  364   -3.9380845779145475e-04
  6    8    8    0  365   -6.2463998139531708e-04
  6    8    8    0  366   -5.8598368123712367e-04
  6    8    8    0  367    4.8835823257376001e-03
  6    8    8    0  368    3.1272816633056894e-03
  6    8    8    0  369    2.2085391762820552e-03
  6    8    8    0  370    1.4876503191017759e-03
  6    8    8    0  371    1.3625562590794673e-03
  6    8    8    0  372    1.5740358538686983e-03
  6    8    8    0  373    1.9781623613727242e-03
  6    8    8    0  374    7.9780271907655288e-04
  6    8    8    0  375    1.9877787153736219e-04
  6    8    8    0  376    2.0195702480413119e-03
  6    8    8    0  377    3.4846794643391289e-04
  6    8    8    0  378   -8.6495484872971793e-04
  6    8    8    0  379    4.8994823652145577e-04
  6    8    8    0  380   -1.7839067678303660e-04
  6    8    8    0  381    1.2774553525501510e-03
  6    8    8    0  382    2.9900849938538419e-04
  6    8    8    0  383    3.5322878828385526e-04
  6    8    8    0  384    5.3643789118446212e-04
  6    8    8    0  385   -1.2878601519785825e-04
  6    8    8    0  386    7.6421496182475465e-04
  6    8    8    0  387   -4.4547757161807520e-04
  6    8    8    0  388    4.9092115954090800e-04
  6    8    8    0  389    6.1516794021323096e-04
  6    8    8    0  390   -6.8715449128955541e-04
  6    8    8    0  391    4.1170673245940364e-04
  6    8    8    0  392   -1.3342697148970024e-03
  6    8    8    0  393    6.1827343096620575e-05
  6    8    8    0  394   -2.6854712240602396e-04
  6    8    8    0  395   -8.3618772143506388e-04
  6    8    8    0  396   -1.0984755812187040e-03
  6    8    8    0  397   -3.1834924211837003e-03
  6    8    8    0  398   -1.1670069509125433e-03
  6    8    8    0  399   -1.7959210100503742e-03
  6    8    8    0  400   -1.3695730181758935e-03
  6    8    8    0  401    8.7870931313173970e-05
  6    8    8    0  402   -2.3046318970419691e-04
  6    8    8    0  403    7.3674074794965669e-04
  6    8    8    0  404    8.0969239311385732e-04
  6    8    8    0  405    2.6402730208324791e-04
  6    8    8    0  406   -7.3713398351111441e-04
  6    8    8    0  407   -4.7922775149788165e-04
  6    8    8    0  408    2.1661018746701527e-04
  6    8    8    0  409   -3.2564950385082327e-04
  6    8    8    0  410    7.5235436793182075e-05
  6    8    8    0  411    4.0092767130111287e-04
  6    8    8    0  412    4.2976795955515165e-04
  6    8    8    0  413   -4.2318313115167084e-04
  6    8    8    0  414    3.4773254519430128e-04
  6    8    8    0  415    1.5867532137544920e-04
  6    8    8    0  416   -2.7305000611186952e-04
  6    8    8    0  417   -4.4082529824008963e-04
  6    8    8    0  418    4.6522647651731878e-04
  6    8    8    0  419    9.0150927510184678e-04
  6    8    8    0  420   -1.6596626923472268e-04
  6    8    8    0  421   -3.4179770657249471e-04
  6    8    8    0  422   -2.5200625371338579e-04
  6    8    8    0  423    3.1046191546372175e-04
  6    8    8    0  424   -1.9201994825598969e-04
  6    8    8    0  425   -5.7026836168812560e-04
  6    9    9    0    0   -2.0258546154675337e-02
  6    9    9    0    1   -2.0828992243003670e-02
  6    9    9    0    2   -9.3510756979250497e-03
  6    9    9    0    3   -7.4899835720363176e-04
  6    9    9    0    4   -3.0721911071431317e-04
  6    9    9    0    5    1.3149897619114853e-04
  6    9    9    0    6    5.7572360473476636e-02
  6    9    9    0    7    2.4541689289385129e-02
  6    9    9    0    8    8.5741104480375578e-03
  6    9    9    0    9    1.4738314499657704e-04
  6    9    9    0   10    3.1852420406083820e-04
  6    9    9    0   11    2.4039326686125658e-04
  6    9    9    0   12    1.7218636821418581e-02
  6    9    9    0   13    8.9571763983000291e-03
  6    9    9    0   14   -3.2690039130502473e-03
  6    9    9    0   15    2.1631688337781616e-03
  6    9    9    0   16    3.3266903786216950e-05
  6    9    9    0   17    1.5874273903827062e-04
  6    9    9    0   18    3.9967706711976437e-03
  6    9    9    0   19   -2.0587732726560907e-03
  6    9    9    0   20   -1.9347051461578394e-03
  6    9    9    0   21    1.0876554989665886e-03
  6    9    9    0   22    3.0398235893731022e-04
  6    9    9    0   23   -6.7041194232885984e-05
  6    9    9    0   24    2.6461042544442398e-03
  6    9    9    0   25   -4.5580759660106534e-04
  6    9    9    0   26   -5.4591102656912152e-04
  6    9    9    0   27    1.1125794080022039e-03
  6    9    9    0   28    2.3497207155883897e-04
  6    9    9    0   29   -4.3620430051420757e-05
  6    9    9    0   30   -1.4512045406371082e-03
  6    9    9    0   31   -7.1834879989371767e-05
  6    9    9    0   32   -1.6848202045374990e-03
  6    9    9    0   33    1.1467517099915800e-03
  6    9    9    0   34   -4.0872365835368650e-04
  6    9    9    0   35   -9.5971539197780053e-06
  6    9    9    0   36    4.1730386566476381e-02
  6    9    9    0   37   -1.1775942542565114e-02
  6    9    9    0   38   -1.5210197581802450e-02
  6    9    9    0   39    6.2371213923331902e-03
  6    9    9    0   40   -1.3834069510141335e-02
  6    9    9    0   41   -4.6208380257100144e-03
  6    9    9    0   42    4.1127655215682591e-03
  6    9    9    0   43   -6.6711870027296692e-03
  6    9    9    0   44   -1.9584242322029772e-03
  6    9    9    0   45    5.7781325362707436e-04
  6    9    9    0   46   -3.2109365263000744e-03
  6    9    9    0   47   -5.9308366416156678e-04
  6    9    9    0   48    7.7947495319012215e-04
  6    9    9    0   49    7.5246522779654897e-05
  6    9    9    0   50    1.8686288510270889e-04
  6    9    9    0   51   -2.0654078008210720e-02
  6    9    9    0   52    4.4269718433025884e-03
  6    9    9    0   53    7.9529310941089081e-03
  6    9    9    0   54    7.4674530814037134e-03
  6    9    9    0   55    1.5327313635505966e-03
  6    9    9    0   56   -2.8414294787162250e-03
  6    9    9    0   57    1.3156412927524570e-02
  6    9    9    0   58   -1.1105351524392027e-03
  6    9    9    0   59   -6.3174181951367590e-04
  6    9    9    0   60    2.9611652889875066e-04
  6    9    9    0   61    8.2091369731945724e-03
  6    9    9    0   62   -3.6860266599469423e-04
  6    9    9    0   63   -2.0526846271679724e-04
  6    9    9    0   64    2.6606133666543967e-04
  6    9    9    0   65    1.5492902390380165e-04
  6    9    9    0   66   -1.4304624836237510e-03
  6    9    9    0   67   -2.1536619807564293e-02
  6    9    9    0   68    1.0620483779226239e-04
  6    9    9    0   69    6.3024758727526116e-03
  6    9    9    0   70   -8.3279374329853001e-04
  6    9    9    0   71   -5.6332777747532378e-04
  6    9    9    0   72   -1.9014594726332328e-03
  6    9    9    0   73   -1.9925462700369442e-03
  6    9    9    0   74   -2.4814575085024553e-03
  6    9    9    0   75    1.0537446833619036e-04
  6    9    9    0   76    1.4083104322093734e-03
  6    9    9    0   77   -1.6641803028548344e-03
  6    9    9    0   78   -1.0745681895825924e-03
  6    9    9    0   79    4.4281063853808338e-04
  6    9    9    0   80    5.4600594084983263e-04
  6    9    9    0   81   -3.9326089502574281e-03
  6    9    9    0   82   -8.9513905785067790e-03
  6    9    9    0   83   -8.6841528463143776e-04
  6    9    9    0   84   -1.2074684401362270e-02
  6    9    9    0   85    1.5798553111191537e-03
  6    9    9    0   86    7.5992731796077010e-04
  6    9    9    0   87   -2.3464440901975934e-03
  6    9    9    0   88    3.4518717732758285e-04
  6    9    9    0   89   -1.0661480958483133e-03
  6    9    9    0   90   -2.1920695730541485e-04
  6    9    9    0   91   -4.5189211389608189e-03
  6    9    9    0   92   -7.6143769866296939e-04
  6    9    9    0   93   -1.2510477018823393e-03
  6    9    9    0   94    3.7273607417760680e-04
  6    9    9    0   95    6.1996119622823278e-05
  6    9    9    0   96    5.6687905928833342e-04
  6    9    9    0   97    3.1796856008910299e-03
  6    9    9    0   98    1.6466080589359164e-03
  6    9    9    0   99    1.5670371983410806e-03
  6    9    9    0  100    3.6396315391740743e-03
  6    9    9    0  101    8.4376388363618254e-04
  6    9    9    0  102    1.0180406967122105e-03
  6    9    9    0  103    1.3658239767082316e-03
  6    9    9    0  104    4.3300529894577149e-04
  6    9    9    0  105    9.4086834413441441e-04
  6    9    9    0  106    1.4172863593415897e-03
  6    9    9    0  107    8.8767063506797490e-04
  6    9    9    0  108    2.5401520577161114e-04
  6    9    9    0  109    4.4823257583780275e-04
  6    9    9    0  110    2.3220240927310880e-04
  6    9    9    0  111   -8.4833753004048774e-04
  6    9    9    0  112   -2.1688271791735761e-03
  6    9    9    0  113   -1.0777228077093665e-03
  6    9    9    0  114   -2.1005856623922802e-03
  6    9    9    0  115    1.5085095334783532e-05
  6    9    9    0  116   -1.6459507785324817e-04
  6    9    9    0  117   -1.6075553360652228e-03
  6    9    9    0  118    9.3209885163303083e-04
  6    9    9    0  119   -5.8361707965930935e-04
  6    9    9    0  120   -2.3761184248214051e-04
  6    9    9    0  121   -1.5014036758870209e-03
  6    9    9    0  122    1.2938968381106909e-04
  6    9    9    0  123   -9.8447928630894432e-05
  6    9    9    0  124    5.4686461616990043e-06
  6    9    9    0  125   -3.0756430667955515e-04
  6    9    9    0  126   -5.4424334171066209e-03
  6    9    9    0  127    1.0156378562453891e-02
  6    9    9    0  128   -9.5098859785925889e-04
  6    9    9    0  129    2.5394687766230661e-04
  6    9    9    0  130    3.3215283938468708e-04
  6    9    9    0  131    4.0300690571131158e-04
  6    9    9    0  132    9.5801417426713519e-03
  6    9    9    0  133    1.8414422024356078e-03
  6    9    9    0  134   -4.3567045938514086e-04
  6    9    9    0  135    3.1387664350984204e-06
  6    9    9    0  136   -3.5534396072757751e-03
  6    9    9    0  137   -4.3808940201148765e-03
  6    9    9    0  138   -1.2925247259935678e-03
  6    9    9    0  139   -4.8522706776264030e-04
  6    9    9    0  140   -4.0936677919359364e-05
  6    9    9    0  141    1.7154173344940387e-03
  6    9    9    0  142    1.6989690668721411e-03
  6    9    9    0  143   -1.8595558924054244e-03
  6    9    9    0  144   -3.8300451354687996e-05
  6    9    9    0  145    2.0647751454615852e-04
  6    9    9    0  146    1.4337161421810818e-03
  6    9    9    0  147   -2.0145120388246097e-03
  6    9    9    0  148    2.3924622877665306e-04
  6    9    9    0  149   -6.9554447226452228e-04
  6    9    9    0  150   -1.5246106077880273e-04
  6    9    9    0  151    7.2457994269489398e-04
  6    9    9    0  152    1.2758929943996451e-03
  6    9    9    0  153   -2.7023252242138000e-04
  6    9    9    0  154   -1.2450371827900792e-04
  6    9    9    0  155    5.6847438181509573e-04
  6    9    9    0  156    3.2438594611982597e-03
  6    9    9    0  157    2.9692907871818092e-03
  6    9    9    0  158    3.4928726730224569e-03
  6    9    9    0  159    5.7283346608238462e-04
  6    9    9    0  160   -9.5902311737397876e-05
  6    9    9    0  161   -3.2673832408011471e-04
  6    9    9    0  162    1.5651941780506107e-03
  6    9    9    0  163    5.1978731863927020e-04
  6    9    9    0  164   -1.8848411605231231e-04
  6    9    9    0  165    1.1296557154768345e-04
  6    9    9    0  166    1.2382289402667595e-02
  6    9    9    0  167    6.7983873740292654e-03
  6    9    9    0  168    7.8197774761862363e-03
  6    9    9    0  169    3.5499611512650529e-03
  6    9    9    0  170    3.5639577302629417e-03
  6    9    9    0  171   -3.1168588746186443e-04
  6    9    9    0  172    1.0852161703522188e-03
  6    9    9    0  173    1.2888212899329172e-03
  6    9    9    0  174   -4.8054499666595399e-04
  6    9    9    0  175   -3.8594236435407074e-04
  6    9    9    0  176    5.7170002767286173e-03
  6    9    9    0  177    3.4105104821427661e-03
  6    9    9    0  178   -9.0434950867006151e-04
  6    9    9    0  179    3.0967265000898430e-03
  6    9    9    0  180   -3.1665343177428095e-04
  6    9    9    0  181   -1.2827034031072250e-03
  6    9    9    0  182    1.4115892131950517e-03
  6    9    9    0  183    2.4069290630720206e-04
  6    9    9    0  184   -4.6433524159271813e-04
  6    9    9    0  185   -3.3422350932220196e-04
  6    9    9    0  186    2.7869073031117873e-03
  6    9    9    0  187   -2.3902016173502766e-04
  6    9    9    0  188   -2.5409358965543710e-04
  6    9    9    0  189    9.2298375915090354e-04
  6    9    9    0  190    1.3362299236201823e-03
  6    9    9    0  191    2.7615976773279744e-05
  6    9    9    0  192    1.2429380345365224e-03
  6    9    9    0  193    1.9029989696735003e-03
  6    9    9    0  194    4.4683133327187776e-05
  6    9    9    0  195   -2.5878608492472879e-05
  6    9    9    0  196   -8.9690027718044077e-05
  6    9    9    0  197   -8.5075163734268737e-04
  6    9    9    0  198   -4.2460915142433873e-04
  6    9    9    0  199   -1.0230320584735716e-03
  6    9    9    0  200   -8.0207341863385893e-05
  6    9    9    0  201   -2.4213617720129484e-04
  6    9    9    0  202    3.3598770104634797e-04
  6    9    9    0  203    4.2866649430668469e-04
  6    9    9    0  204   -5.0195612171951751e-04
  6    9    9    0  205   -6.0694269673763034e-04
  6    9    9    0  206    1.3496050613714913e-03
  6    9    9    0  207    9.8818915515022816e-04
  6    9    9    0  208   -3.6507594623266191e-04
  6    9    9    0  209    7.9448396736556300e-04
  6    9    9    0  210    1.7455292054339244e-05
  6    9    9    0  211   -4.7288894545395791e-05
  6    9    9    0  212    9.3092616904375057e-04
  6    9    9    0  213    3.4296315624874225e-04
  6    9    9    0  214   -1.1038524081122225e-04
  6    9    9    0  215    1.5333673292146035e-04
  6    9    9    0  216   -3.6948958813462346e-01
  6    9    9    0  217    1.1105680650299599e-01
  6    9    9    0  218    1.1019297979296249e-02
  6    9    9    0  219   -2.0426385174256729e-02
  6    9    9    0  220    6.4851125548206906e-03
  6    9    9    0  221   -1.8048783206449454e-02
  6    9    9    0  222   -2.6128882985991817e-03
  6    9    9    0  223   -3.1345711836367682e-03
  6    9    9    0  224    4.8403358212926767e-04
  6    9    9    0  225    2.1007953890943341e-04
  6    9    9    0  226   -1.1625841070938777e-02
  6    9    9    0  227   -7.8864641741269725e-03
  6    9    9    0  228   -1.4544067940262721e-03
  6    9    9    0  229    9.0135603002284301e-04
  6    9    9    0  230    4.5760651678865727e-04
  6    9    9    0  231   -2.2143806644445516e-03
  6    9    9    0  232    2.0894603032007688e-03
  6    9    9    0  233   -5.4538525740843865e-04
  6    9    9    0  234    4.2320730348959956e-06
  6    9    9    0  235    1.1703190431495392e-04
  6    9    9    0  236   -8.2749658101889906e-04
  6    9    9    0  237    2.4357708663034030e-03
  6    9    9    0  238    1.9539188148722834e-04
  6    9    9    0  239    2.3803137712790989e-04
  6    9    9    0  240   -2.0579655470729917e-04
  6    9    9    0  241    6.1962084375230303e-04
  6    9    9    0  242    4.0045721861713449e-04
  6    9    9    0  243    2.5655997431768004e-04
  6    9    9    0  244   -5.6875134722094165e-05
  6    9    9    0  245    4.4034717732646698e-05
  6    9    9    0  246    1.7648403079719897e-02
  6    9    9    0  247    4.1917995353856707e-02
  6    9    9    0  248   -6.7422293996132077e-03
  6    9    9    0  249    8.7244567999918870e-04
  6    9    9    0  250   -4.8446856236793873e-03
  6    9    9    0  251   -3.8257273595721356e-02
  6    9    9    0  252   -3.9631167263856973e-02
  6    9    9    0  253   -9.4287515976140650e-03
  6    9    9    0  254   -4.5871072309889094e-03
  6    9    9    0  255   -6.8736183825137645e-04
  6    9    9    0  256   -1.0677211073335186e-02
  6    9    9    0  257   -1.2873482813796563e-02
  6    9    9    0  258   -3.2635253467681946e-03
  6    9    9    0  259   -2.4495835070766732e-05
  6    9    9    0  260    1.0288156120506421e-03
  6    9    9    0  261   -6.7283965089312897e-03
  6    9    9    0  262   -6.7221045134072737e-03
  6    9    9    0  263   -1.2413249457289593e-04
  6    9    9    0  264   -7.2383218482941565e-04
  6    9    9    0  265   -1.5148331042308223e-04
  6    9    9    0  266   -2.7430249398350012e-03
  6    9    9    0  267   -1.4340716083446317e-03
  6    9    9    0  268    2.8376369232515725e-04
  6    9    9    0  269   -1.1714308978462732e-04
  6    9    9    0  270    1.8149088079071933e-04
  6    9    9    0  271    4.1587896787516598e-04
  6    9    9    0  272   -8.2143404839318918e-05
  6    9    9    0  273    4.2221912321064019e-04
  6    9    9    0  274    1.3377158571926216e-04
  6    9    9    0  275    2.5945142011503800e-05
  6    9    9    0  276   -8.8408757320572167e-03
  6    9    9    0  277   -6.7969152823848307e-04
  6    9    9    0  278    6.0396483578141402e-03
  6    9    9    0  279    1.1329578449433704e-02
  6    9    9    0  280    7.8019619027771218e-03
  6    9    9    0  281    2.7113673293563539e-03
  6    9    9    0  282    6.2444066029884748e-04
  6    9    9    0  283    4.3310023100583280e-04
  6    9    9    0  284   -6.0299931169445497e-04
  6    9    9    0  285   -8.7523000897749361e-04
  6    9    9    0  286   -4.7602391933202820e-03
  6    9    9    0  287    1.6387863520473075e-03
  6    9    9    0  288   -5.9426132650483672e-03
  6    9    9    0  289   -3.0512352877168884e-04
  6    9    9    0  290   -2.5065401286105874e-04
  6    9    9    0  291   -4.6912946030724214e-03
  6    9    9    0  292   -7.5202031286264251e-03
  6    9    9    0  293   -1.1670191245425918e-03
  6    9    9    0  294    5.0850571384416263e-04
  6    9    9    0  295    4.6415197764790078e-04
  6    9    9    0  296   -3.2208293519543556e-03
  6    9    9    0  297   -4.2697958289276911e-03
  6    9    9    0  298    5.5654170882258919e-04
  6    9    9    0  299    7.4116218413347633e-04
  6    9    9    0  300   -2.6803921418340433e-04
  6    9    9    0  301   -9.5094583288605474e-04
  6    9    9    0  302   -6.0543589520243332e-04
  6    9    9    0  303    5.2731740591298167e-05
  6    9    9    0  304   -3.0804879586650817e-04
  6    9    9    0  305   -6.9369256262765791e-07
  6    9    9    0  306   -9.9401370422367019e-03
  6    9    9    0  307   -1.4127994478146579e-02
  6    9    9    0  308   -6.1950222179744802e-03
  6    9    9    0  309    8.5152716582174146e-06
  6    9    9    0  310    2.9002156816347224e-03
  6    9    9    0  311    3.2522963516594772e-03
  6    9    9    0  312    4.2853726154589815e-03
  6    9    9    0  313    7.9341650220068156e-04
  6    9    9    0  314   -1.0518454263468788e-03
  6    9    9    0  315   -1.2570392101859400e-03
  6    9    9    0  316   -7.0412761721605150e-03
  6    9    9    0  317    6.5600632266430195e-04
  6    9    9    0  318    3.8931644332043501e-04
  6    9    9    0  319   -1.5999640333788888e-03
  6    9    9    0  320   -1.2579265474590325e-03
  6    9    9    0  321   -2.8504589115666903e-03
  6    9    9    0  322    4.7057471385732809e-04
  6    9    9    0  323    1.1364376874683866e-03
  6    9    9    0  324    9.2512428111379342e-04
  6    9    9    0  325    4.4835652283072952e-04
  6    9    9    0  326   -4.7149078924641078e-03
  6    9    9    0  327   -1.2303133768988557e-03
  6    9    9    0  328    2.6287655930763877e-04
  6    9    9    0  329    7.0701207914595739e-04
  6    9    9    0  330    2.5676020217013304e-04
  6    9    9    0  331   -1.4467279967737151e-03
  6    9    9    0  332   -2.1242848373963230e-04
  6    9    9    0  333    5.9021946024307445e-04
  6    9    9    0  334    1.1604454025175292e-04
  6    9    9    0  335   -1.2711683018031946e-04
  6    9    9    0  336   -8.0733455355407758e-03
  6    9    9    0  337   -9.8419064535344453e-03
  6    9    9    0  338   -8.6931137211172498e-03
  6    9    9    0  339   -8.3300720150259692e-04
  6    9    9    0  340   -4.0976857567459283e-03
  6    9    9    0  341    3.7328512864731531e-05
  6    9    9    0  342   -2.1429996920123093e-04
  6    9    9    0  343    1.8449746092074669e-03
  6    9    9    0  344    4.7535541847810368e-04
  6    9    9    0  345   -4.2859043163666496e-04
  6    9    9    0  346   -7.5027149110368186e-04
  6    9    9    0  347   -2.5863650145335824e-03
  6    9    9    0  348    1.6497685384845061e-03
  6    9    9    0  349   -1.4752319537438539e-03
  6    9    9    0  350   -1.2019306939232066e-03
  6    9    9    0  351   -1.3551286827822718e-03
  6    9    9    0  352   -4.9242827441257127e-05
  6    9    9    0  353    1.1151149813192645e-03
  6    9    9    0  354    3.2049821756192432e-04
  6    9    9    0  355    3.0048722001646137e-04
  6    9    9    0  356   -6.8756083829426759e-04
  6    9    9    0  357   -2.0707248694766594e-03
  6    9    9    0  358    5.9693490496960351e-04
  6    9    9    0  359    2.0479698837786540e-04
  6    9    9    0  360    2.1568516276759378e-05
  6    9    9    0  361   -1.5160577050393322e-03
  6    9    9    0  362   -1.7925627548324476e-03
  6    9    9    0  363   -1.6283758781975769e-05
  6    9    9    0  364    1.6037443800632787e-04
  6    9    9    0  365   -8.6579264470259331e-05
  6    9    9    0  366   -8.0807654341201029e-04
  6    9    9    0  367    2.9084271888344696e-03
  6    9    9    0  368    1.6762979204377204e-03
  6    9    9    0  369    1.7892305472366136e-03
  6    9    9    0  370    1.1316104172630580e-03
  6    9    9    0  371    9.6090040733215313e-04
  6    9    9    0  372    1.3290268670401511e-03
  6    9    9    0  373    2.3940831501413611e-03
  6    9    9    0  374    2.0675024805270762e-03
  6    9    9    0  375    9.1016840250718269e-04
  6    9    9    0  376    6.2737060908737790e-04
  6    9    9    0  377   -3.8844920959442398e-04
  6    9    9    0  378   -5.5315310445312891e-05
  6    9    9    0  379    3.6910836343067443e-04
  6    9    9    0  380    1.5476259243562459e-04
  6    9    9    0  381    9.7072986712728391e-05
  6    9    9    0  382    1.1544782337402036e-03
  6    9    9    0  383    3.5432295850570153e-04
  6    9    9    0  384    3.3636178216322213e-04
  6    9    9    0  385    9.2444893545402991e-05
  6    9    9    0  386    2.2775308293011777e-04
  6    9    9    0  387    3.7220606739226400e-04
  6    9    9    0  388   -2.6869321119870015e-04
  6    9    9    0  389    1.3819117487758888e-04
  6    9    9    0  390    2.0673734181425328e-04
  6    9    9    0  391    1.7958470680143947e-04
  6    9    9    0  392   -7.4078094411484502e-04
  6    9    9    0  393    1.7980894548980363e-04
  6    9    9    0  394    5.2031000641965220e-04
  6    9    9    0  395   -4.0024011331073187e-05
  6    9    9    0  396   -3.9252793488921855e-04
  6    9    9    0  397   -2.6224131920637743e-03
  6    9    9    0  398   -1.4687422364055912e-03
  6    9    9    0  399   -1.6838362470014813e-03
  6    9    9    0  400   -1.1384152661745774e-03
  6    9    9    0  401   -4.4330441289917573e-04
  6    9    9    0  402   -1.0652296587728158e-03
  6    9    9    0  403    2.2448956483057288e-04
  6    9    9    0  404    1.0997557058067835e-03
  6    9    9    0  405    4.5595984262490879e-04
  6    9    9    0  406   -1.9126767651772372e-03
  6    9    9    0  407   -1.1717672478724617e-03
  6    9    9    0  408   -1.9033304520528295e-04
  6    9    9    0  409   -2.3451401282619392e-04
  6    9    9    0  410   -1.8155634576819716e-05
  6    9    9    0  411   -6.7137031868712499e-04
  6    9    9    0  412    4.7947367779666825e-04
  6    9    9    0  413    8.2242135384715822e-04
  6    9    9    0  414    2.1757688722666934e-04
  6    9    9    0  415    6.8778412420254006e-05
  6    9    9    0  416   -4.2166182016015560e-04
  6    9    9    0  417   -1.6955692987443693e-04
  6    9    9    0  418   -3.2558591104024106e-04
  6    9    9    0  419   -5.0292430709635321e-05
  6    9    9    0  420   -1.3246323144456849e-04
  6    9    9    0  421   -7.4257967964029559e-04
  6    9    9    0  422   -2.5897741221340216e-05
  6    9    9    0  423    1.8144702821001150e-04
  6    9    9    0  424    1.6888310109911247e-04
  6    9    9    0  425   -2.0062153710600152e-04
