3
  4    4   14    0    0    7.2908939924352956e-01
  4    4   14    0    1    2.8516239429229765e-02
  4    4   14    0    2    2.1322732876871689e-03
  4    4   14    0    3   -1.3071404272038651e-04
  4    4   14    0    4    5.4808475808660717e-04
  4    4   14    0    5    2.5013734654071895e-01
  4    4   14    0    6   -6.4801536020381930e-04
  4    4   14    0    7   -5.2115242962747933e-03
  4    4   14    0    8   -1.0183316762786433e-03
  4    4   14    0    9    3.1199198890729152e-04
  4    4   14    0   10    7.4829806931033277e-02
  4    4   14    0   11    1.4030103095651347e-02
  4    4   14    0   12    3.4846930870703887e-03
  4    4   14    0   13    1.9722443924561923e-04
  4    4   14    0   14    2.6761090835215401e-04
  4    4   14    0   15    7.8993779598020758e-02
  4    4   14    0   16    7.9917956417047079e-03
  4    4   14    0   17    5.8975935737910854e-03
  4    4   14    0   18    4.5052803366051568e-04
  4    4   14    0   19    8.9393194384186820e-04
  4    4   14    0   20   -2.2788268061607130e-02
  4    4   14    0   21   -6.3737253028556186e-04
  4    4   14    0   22    1.5196148348165385e-03
  4    4   14    0   23   -9.8224917130471513e-04
  4    4   14    0   24   -5.0420986427757815e-04
  4    4   14    0   25    1.0055779243293382e-01
  4    4   14    0   26    4.3362394036225486e-02
  4    4   14    0   27    2.1545835318007422e-02
  4    4   14    0   28   -1.2937228929365300e-03
  4    4   14    0   29    8.6907094254070672e-04
  4    4   14    0   30    2.3020646790808401e-03
  4    4   14    0   31    8.2274059961103349e-05
  4    4   14    0   32   -4.2556720284292774e-04
  4    4   14    0   33   -1.2692928988974896e-03
  4    4   14    0   34   -1.0351508295695661e-05
  4    4   14    0   35   -1.5971733511930226e-02
  4    4   14    0   36   -3.6956002060389570e-02
  4    4   14    0   37   -8.6033644470087378e-03
  4    4   14    0   38   -1.8854695501188699e-02
  4    4   14    0   39    3.4767203239824095e-03
  4    4   14    0   40   -8.3625767297027421e-04
  4    4   14    0   41   -1.1471824557001825e-02
  4    4   14    0   42   -9.6566408665773619e-04
  4    4   14    0   43   -1.1051223076115463e-03
  4    4   14    0   44    8.0316638688790075e-04
  4    4   14    0   45    3.3722890552900557e-02
  4    4   14    0   46   -7.3931264853242433e-03
  4    4   14    0   47    7.6627365771053399e-03
  4    4   14    0   48    2.7447834211989366e-03
  4    4   14    0   49    3.2860339777800570e-04
  4    4   14    0   50    7.0262630515697120e-05
  4    4   14    0   51    2.3737970798281671e-03
  4    4   14    0   52    1.5517281595887070e-04
  4    4   14    0   53    7.1837435758090784e-04
  4    4   14    0   54    9.7028207663193554e-04
  4    4   14    0   55   -1.3955909679817692e-02
  4    4   14    0   56    1.2495949113438608e-02
  4    4   14    0   57    9.4526205153135159e-03
  4    4   14    0   58    7.9539489185670234e-03
  4    4   14    0   59    2.6661321417009586e-03
  4    4   14    0   60    7.4381395759350933e-04
  4    4   14    0   61    2.3151122938321793e-03
  4    4   14    0   62    2.0618994564432728e-03
  4    4   14    0   63    1.3448762445539312e-03
  4    4   14    0   64    9.8489558960847875e-04
  4    4   14    0   65    1.0745836895581723e-02
  4    4   14    0   66    1.7305590730476274e-03
  4    4   14    0   67    1.1162624784606086e-03
  4    4   14    0   68   -7.2549140624800690e-05
  4    4   14    0   69    1.5060562149902638e-03
  4    4   14    0   70    2.3006611823908514e-03
  4    4   14    0   71   -3.4184672500471615e-03
  4    4   14    0   72    1.3036797404286619e-04
  4    4   14    0   73    5.9013058988232117e-04
  4    4   14    0   74   -2.9746935813169934e-04
  4    4   14    0   75    2.1273754503966214e-03
  4    4   14    0   76   -2.7966824808684145e-03
  4    4   14    0   77   -5.8449905374451886e-04
  4    4   14    0   78   -3.5956856989407025e-04
  4    4   14    0   79    8.0541339968748914e-03
  4    4   14    0   80   -3.8978566292047021e-03
  4    4   14    0   81    2.5453212592344847e-03
  4    4   14    0   82    1.1352254214333610e-04
  4    4   14    0   83    5.6779509572339598e-03
  4    4   14    0   84    1.2039547246881437e-02
  4    4   14    0   85   -1.8562533922584121e-03
  4    4   14    0   86   -3.6979652957971177e-04
  4    4   14    0   87    7.7692535951417660e-03
  4    4   14    0   88   -2.0368762665967073e-03
  4    4   14    0   89   -4.4403348021541478e-04
  4    4   14    0   90   -5.6159494841571478e-04
  4    4   14    0   91   -6.1071074105892454e-03
  4    4   14    0   92   -7.3751779629703095e-03
  4    4   14    0   93   -1.3205333108116306e-04
  4    4   14    0   94   -7.4759361240605009e-04
  4    4   14    0   95   -1.6636547004118922e-02
  4    4   14    0   96    1.4856080010870294e-03
  4    4   14    0   97   -1.9585997733283893e-03
  4    4   14    0   98    1.1588689082033532e-03
  4    4   14    0   99    1.3306642239534268e-03
  4    4   14    0  100   -7.2081895835237773e-04
  4    4   14    0  101    7.5304905782815190e-03
  4    4   14    0  102    4.8932544574436876e-03
  4    4   14    0  103   -1.2055273310164296e-03
  4    4   14    0  104    1.5628718470336997e-03
  4    4   14    0  105    1.9141953482880595e-03
  4    4   14    0  106    4.6889605747682826e-05
  4    4   14    0  107    1.0775593235434063e-02
  4    4   14    0  108   -1.0212765857205046e-03
  4    4   14    0  109    1.8745547027838503e-03
  4    4   14    0  110   -6.0767525611612745e-04
  4    4   14    0  111    6.7199167801675747e-04
  4    4   14    0  112   -5.4717457416401148e-05
  4    4   14    0  113   -1.6979815050330892e-03
  4    4   14    0  114   -5.0038297087691983e-04
  4    4   14    0  115   -3.0266341992266285e-03
  4    4   14    0  116   -1.4886847804029646e-03
  4    4   14    0  117   -2.6845482800713703e-03
  4    4   14    0  118   -8.3660067591247893e-04
  4    4   14    0  119   -4.7487814547017742e-03
  4    4   14    0  120   -1.6284595381173470e-04
  4    4   14    0  121   -3.0329523991406613e-03
  4    4   14    0  122   -1.1731278356871568e-03
  4    4   14    0  123   -8.4985774166161058e-04
  4    4   14    0  124    5.6850523765795957e-04
  4    4   14    0  125    1.6368735332913834e-01
  4    4   14    0  126   -7.4034917487200952e-02
  4    4   14    0  127    2.6478269794301453e-02
  4    4   14    0  128    1.7325235451811287e-03
  4    4   14    0  129   -1.3810178330109429e-02
  4    4   14    0  130   -1.4723472544880661e-02
  4    4   14    0  131   -1.0448992598464134e-04
  4    4   14    0  132   -1.0840414887311898e-03
  4    4   14    0  133   -4.7231237962312780e-03
  4    4   14    0  134   -4.8221673023603282e-03
  4    4   14    0  135   -2.9112613083936642e-04
  4    4   14    0  136    2.7957522058243215e-04
  4    4   14    0  137   -1.0812319247470595e-03
  4    4   14    0  138    5.2095678568034624e-04
  4    4   14    0  139   -2.4741351338472767e-04
  4    4   14    0  140    2.8966183523870359e-04
  4    4   14    0  141   -6.1153650118268561e-04
  4    4   14    0  142   -4.0363161503482851e-04
  4    4   14    0  143    4.2219726894253331e-04
  4    4   14    0  144   -4.9130005595640493e-05
  4    4   14    0  145    1.2951927261356549e-01
  4    4   14    0  146    1.0588722320322963e-01
  4    4   14    0  147    1.2359925319629053e-02
  4    4   14    0  148   -1.6070822973286894e-03
  4    4   14    0  149   -4.0995721102300015e-03
  4    4   14    0  150    1.2405226536990268e-02
  4    4   14    0  151   -2.8771296170710158e-03
  4    4   14    0  152   -1.2066992417936095e-04
  4    4   14    0  153    4.3216662812644076e-03
  4    4   14    0  154    3.8852824208035607e-03
  4    4   14    0  155   -1.2969725980257012e-03
  4    4   14    0  156   -1.8272329716189856e-03
  4    4   14    0  157   -7.5518043145224770e-05
  4    4   14    0  158   -1.6677552808920432e-05
  4    4   14    0  159    2.3174326628741795e-03
  4    4   14    0  160    1.4926489836717489e-04
  4    4   14    0  161    1.8661837689393606e-04
  4    4   14    0  162   -1.1360458886593206e-03
  4    4   14    0  163    3.2831976051256317e-04
  4    4   14    0  164    2.2874332563727518e-04
  4    4   14    0  165   -1.7137598935532423e-02
  4    4   14    0  166   -1.0729185427679366e-01
  4    4   14    0  167   -2.3003057831411868e-03
  4    4   14    0  168   -5.2864380177715074e-03
  4    4   14    0  169   -1.0086536102594287e-02
  4    4   14    0  170   -3.8838690884351133e-03
  4    4   14    0  171   -1.9740925780004025e-03
  4    4   14    0  172   -6.7637880790717694e-05
  4    4   14    0  173   -1.4573157561868976e-02
  4    4   14    0  174   -1.0567459493335995e-02
  4    4   14    0  175   -2.7817748939134093e-03
  4    4   14    0  176   -7.5842363519427515e-04
  4    4   14    0  177   -3.1898946702801642e-03
  4    4   14    0  178    1.6405266428313786e-04
  4    4   14    0  179    4.3671643978625908e-04
  4    4   14    0  180   -1.5245393175660207e-05
  4    4   14    0  181   -2.7836116005895634e-03
  4    4   14    0  182    6.6093238819894405e-04
  4    4   14    0  183    5.5374974702107323e-04
  4    4   14    0  184    3.5260635228773760e-04
  4    4   14    0  185    1.8231013075791312e-02
  4    4   14    0  186   -2.9437591083919527e-02
  4    4   14    0  187    5.3337351855581062e-03
  4    4   14    0  188    1.6494677545799692e-03
  4    4   14    0  189    3.6762215666207612e-04
  4    4   14    0  190   -6.0952081131897745e-05
  4    4   14    0  191    1.4452882308458263e-03
  4    4   14    0  192   -5.8356249921589034e-04
  4    4   14    0  193    2.7545454469907459e-04
  4    4   14    0  194   -3.9791605578558386e-03
  4    4   14    0  195    1.9393928237406203e-03
  4    4   14    0  196   -8.1483598788856726e-04
  4    4   14    0  197   -6.2679155941666102e-04
  4    4   14    0  198   -2.4612728405290479e-03
  4    4   14    0  199   -7.4385233250595824e-04
  4    4   14    0  200   -1.5832512055608032e-04
  4    4   14    0  201   -2.3879464011295287e-04
  4    4   14    0  202   -2.3338364089312802e-04
  4    4   14    0  203    9.6470908188738436e-05
  4    4   14    0  204    3.0407979116211831e-04
  4    4   14    0  205   -1.6259513573157289e-03
  4    4   14    0  206   -1.4496892283429146e-03
  4    4   14    0  207   -2.9704576034258923e-03
  4    4   14    0  208    7.2730450380956513e-03
  4    4   14    0  209   -1.7757624053283194e-05
  4    4   14    0  210    8.7585334758152594e-03
  4    4   14    0  211    3.0263755557958750e-03
  4    4   14    0  212    1.6282567974502998e-03
  4    4   14    0  213    4.4235946421874459e-03
  4    4   14    0  214    7.8493272716795692e-03
  4    4   14    0  215    4.2266146890365100e-04
  4    4   14    0  216    7.3020566619358396e-04
  4    4   14    0  217    1.2988026899775761e-03
  4    4   14    0  218    1.5434946730337308e-03
  4    4   14    0  219   -2.7860134620624798e-04
  4    4   14    0  220    2.7731585118774972e-04
  4    4   14    0  221    1.5543915993139102e-03
  4    4   14    0  222    1.6079457348187047e-03
  4    4   14    0  223    9.0283509142260749e-04
  4    4   14    0  224    2.3718040485757770e-04
  4    4   14    0  225    9.1368010540551457e-03
  4    4   14    0  226    1.8113171502345561e-03
  4    4   14    0  227    8.5336471455816059e-04
  4    4   14    0  228   -1.1296165667661331e-03
  4    4   14    0  229    2.9993101320948535e-03
  4    4   14    0  230    5.8036836205019125e-03
  4    4   14    0  231    9.2818054848967135e-04
  4    4   14    0  232    7.7534497892998956e-04
  4    4   14    0  233    1.7991664672904687e-03
  4    4   14    0  234    4.1636065032511519e-03
  4    4   14    0  235    1.8282125342837573e-03
  4    4   14    0  236    1.0257339666986129e-03
  4    4   14    0  237    2.7401436767837688e-03
  4    4   14    0  238    2.7863723287468089e-03
  4    4   14    0  239    1.1351566394581360e-03
  4    4   14    0  240    4.7592993537761552e-04
  4    4   14    0  241   -1.1845476646334444e-04
  4    4   14    0  242    1.8312270904785437e-03
  4    4   14    0  243   -6.5396857447386702e-05
  4    4   14    0  244    7.3963316176480734e-04
  6    8    8    0    0   -7.3917851280446714e-02
  6    8    8    0    1   -2.4809801631696174e-03
  6    8    8    0    2   -4.0629528287047722e-03
  6    8    8    0    3    2.0499241507333579e-03
  6    8    8    0    4    3.3657450966219764e-05
  6    8    8    0    5    3.7475105851504133e-02
  6    8    8    0    6   -2.0919304100968369e-02
  6    8    8    0    7    1.2525042977881807e-02
  6    8    8    0    8    4.5605437824798945e-03
  6    8    8    0    9   -4.4305708182717769e-04
  6    8    8    0   10   -2.2355101731446041e-03
  6    8    8    0   11   -1.3660268753413902e-02
  6    8    8    0   12    2.8809776486011520e-04
  6    8    8    0   13    4.2743845999965585e-03
  6    8    8    0   14    1.1245529021079155e-03
  6    8    8    0   15    3.5952513063499478e-03
  6    8    8    0   16   -8.6919944619969945e-04
  6    8    8    0   17    2.7143435400477160e-04
  6    8    8    0   18   -1.4433490457902091e-03
  6    8    8    0   19    5.4882364052419091e-04
  6    8    8    0   20    4.4692042232870538e-03
  6    8    8    0   21    2.3858447003324680e-03
  6    8    8    0   22    8.8573694247148140e-05
  6    8    8    0   23    6.0330059396197626e-04
  6    8    8    0   24    6.3638411811459182e-04
  6    8    8    0   25    1.0171670859301634e-02
  6    8    8    0   26   -3.0492462336802018e-02
  6    8    8    0   27    4.3876397184848553e-04
  6    8    8    0   28    2.6102296979165786e-03
  6    8    8    0   29    7.4225476311894981e-03
  6    8    8    0   30   -1.3606757083049930e-03
  6    8    8    0   31    2.6148490428028722e-03
  6    8    8    0   32   -1.5945335506193112e-03
  6    8    8    0   33   -1.1692896445255551e-03
  6    8    8    0   34    1.0413085136081386e-03
  6    8    8    0   35   -5.3688065230060041e-02
  6    8    8    0   36    1.6137235038980478e-02
  6    8    8    0   37   -2.8609731574301168e-03
  6    8    8    0   38    1.6757240100038720e-02
  6    8    8    0   39    5.0849809578913090e-03
  6    8    8    0   40    1.8530993382972439e-03
  6    8    8    0   41    1.6990466595197741e-02
  6    8    8    0   42    9.4854196192923029e-04
  6    8    8    0   43   -8.1179919427093667e-04
  6    8    8    0   44    2.1540352120435211e-03
  6    8    8    0   45   -2.5466309161121879e-02
  6    8    8    0   46   -2.6693138008739459e-02
  6    8    8    0   47   -1.2280826871298649e-03
  6    8    8    0   48    5.2573032339845900e-03
  6    8    8    0   49    1.7825526516199422e-03
  6    8    8    0   50    1.8340145813309555e-03
  6    8    8    0   51   -3.2078921320718356e-03
  6    8    8    0   52   -4.6558663328912544e-04
  6    8    8    0   53   -1.4570077005818366e-03
  6    8    8    0   54    1.6407231108207594e-03
  6    8    8    0   55   -4.3058613950882124e-03
  6    8    8    0   56   -9.1860164572708167e-03
  6    8    8    0   57    3.9013298445500597e-04
  6    8    8    0   58   -1.3834492482480878e-02
  6    8    8    0   59    2.1909999948230836e-03
  6    8    8    0   60   -3.8030686328537761e-04
  6    8    8    0   61   -4.8065587478940660e-03
  6    8    8    0   62   -6.1074459138855432e-04
  6    8    8    0   63   -9.4139480927274259e-04
  6    8    8    0   64   -5.5672843253874716e-04
  6    8    8    0   65    2.3164788673962280e-03
  6    8    8    0   66    4.5781619980820613e-03
  6    8    8    0   67    2.0800555202377244e-03
  6    8    8    0   68    1.3463523161009639e-03
  6    8    8    0   69    2.3493780453723999e-03
  6    8    8    0   70    3.8593472158463432e-04
  6    8    8    0   71    1.5303877687734076e-03
  6    8    8    0   72   -4.4133319961406598e-05
  6    8    8    0   73   -2.2283103787365519e-04
  6    8    8    0   74    1.1180602723602224e-03
  6    8    8    0   75   -5.6761461338600376e-03
  6    8    8    0   76    2.5901780536880057e-02
  6    8    8    0   77    9.1095888400678793e-04
  6    8    8    0   78   -3.9662877145053231e-04
  6    8    8    0   79   -1.4453786088662351e-02
  6    8    8    0   80    2.0575939212868020e-02
  6    8    8    0   81   -4.4882490804724450e-04
  6    8    8    0   82   -3.5759363409989256e-04
  6    8    8    0   83    1.0398831773350589e-02
  6    8    8    0   84   -3.5009419971427833e-04
  6    8    8    0   85   -4.1106958209353051e-03
  6    8    8    0   86   -2.8636549413383196e-04
  6    8    8    0   87    3.8944818560951843e-03
  6    8    8    0   88    5.0582343328935348e-03
  6    8    8    0   89   -1.2472333335016132e-03
  6    8    8    0   90   -8.0027151390473633e-04
  6    8    8    0   91    2.0914600963954167e-03
  6    8    8    0   92   -9.4178942534636051e-04
  6    8    8    0   93    3.5446851487380270e-04
  6    8    8    0   94   -8.5918470470978188e-04
  6    8    8    0   95    1.1583214019322814e-02
  6    8    8    0   96    2.1632424076482967e-03
  6    8    8    0   97    9.0073413241435717e-03
  6    8    8    0   98    4.3725328003056251e-04
  6    8    8    0   99    2.4973937282456952e-03
  6    8    8    0  100    4.5753907424820581e-04
  6    8    8    0  101    8.9193076528400390e-04
  6    8    8    0  102   -6.5333723252223334e-03
  6    8    8    0  103    1.0067283935680252e-02
  6    8    8    0  104   -2.1027384865084662e-03
  6    8    8    0  105    3.7128791631378800e-03
  6    8    8    0  106   -2.3047867198417978e-03
  6    8    8    0  107   -6.1508581676142154e-04
  6    8    8    0  108   -4.2987143671087491e-03
  6    8    8    0  109   -1.1015548946197219e-03
  6    8    8    0  110   -2.3978408379713013e-03
  6    8    8    0  111   -2.6377163369995448e-04
  6    8    8    0  112   -2.1474008340601983e-03
  6    8    8    0  113    4.8725508675640178e-03
  6    8    8    0  114    2.0399124554198764e-03
  6    8    8    0  115    2.3213088315655558e-03
  6    8    8    0  116    1.5459897257960973e-03
  6    8    8    0  117    3.3395468346639899e-03
  6    8    8    0  118    1.3738836227875917e-05
  6    8    8    0  119   -2.1726544109637869e-03
  6    8    8    0  120   -1.0069559477925679e-03
  6    8    8    0  121    5.6822983046526194e-04
  6    8    8    0  122   -1.7926465600455630e-03
  6    8    8    0  123    1.4005303546588772e-03
  6    8    8    0  124   -8.9324283761929883e-04
  6    8    8    0  125   -3.3513057965869436e-01
  6    8    8    0  126    1.3358788149120282e-01
  6    8    8    0  127    1.9250702719064035e-02
  6    8    8    0  128   -1.9413498502071035e-02
  6    8    8    0  129    2.0585592286965677e-02
  6    8    8    0  130    1.3080085918475225e-02
  6    8    8    0  131    6.7193416628662465e-03
  6    8    8    0  132    2.0633814801342787e-03
  6    8    8    0  133    1.1152164287898985e-02
  6    8    8    0  134   -5.0081659021635862e-03
  6    8    8    0  135    1.4011829616112569e-03
  6    8    8    0  136    1.1503958970685416e-03
  6    8    8    0  137    4.8611077154424951e-03
  6    8    8    0  138    2.4195348595359746e-03
  6    8    8    0  139    8.9545789893786143e-04
  6    8    8    0  140    2.6836536150800236e-04
  6    8    8    0  141    6.3581269603042018e-04
  6    8    8    0  142    2.5636921904811762e-03
  6    8    8    0  143    6.9210718065918602e-06
  6    8    8    0  144   -3.5406073421218444e-04
  6    8    8    0  145    4.3412310611881631e-02
  6    8    8    0  146    3.2737435233309964e-02
  6    8    8    0  147   -1.2551268098417397e-02
  6    8    8    0  148   -1.7480278811543269e-03
  6    8    8    0  149    4.6212614643796841e-02
  6    8    8    0  150   -2.4577954572513366e-02
  6    8    8    0  151    3.2290210798956377e-03
  6    8    8    0  152   -2.1845471611121550e-04
  6    8    8    0  153   -6.2474089813204610e-03
  6    8    8    0  154   -2.4790107709995481e-02
  6    8    8    0  155   -5.7632789681142538e-03
  6    8    8    0  156   -6.2004400605278820e-04
  6    8    8    0  157    1.1114852185462791e-04
  6    8    8    0  158   -1.2187226312585366e-02
  6    8    8    0  159    1.4386027436547502e-03
  6    8    8    0  160   -8.0696407036816498e-05
  6    8    8    0  161   -2.7689757851016615e-03
  6    8    8    0  162   -3.4248195007654664e-03
  6    8    8    0  163    1.0676612895673253e-03
  6    8    8    0  164    4.6349033396460374e-04
  6    8    8    0  165   -2.4006889139817456e-02
  6    8    8    0  166    2.6936366326983504e-03
  6    8    8    0  167    1.1493108889304410e-02
  6    8    8    0  168    1.4450348697622064e-02
  6    8    8    0  169   -4.6424052112611618e-03
  6    8    8    0  170   -1.5344780592917499e-02
  6    8    8    0  171    3.6364583323782466e-04
  6    8    8    0  172    5.7020442830014214e-04
  6    8    8    0  173    5.1671361309017479e-03
  6    8    8    0  174   -6.4915961111518148e-03
  6    8    8    0  175   -5.2398283980732074e-03
  6    8    8    0  176    3.7452622916280779e-04
  6    8    8    0  177    6.9970588640250681e-03
  6    8    8    0  178   -7.0040985126238022e-03
  6    8    8    0  179    4.0749203238687522e-03
  6    8    8    0  180    1.6049801062711141e-03
  6    8    8    0  181    3.0311889403964163e-03
  6    8    8    0  182   -3.6030176839928533e-03
  6    8    8    0  183    9.7262589565783692e-04
  6    8    8    0  184    1.6622476195466893e-04
  6    8    8    0  185   -1.6039424593618425e-02
  6    8    8    0  186   -1.6870477706555392e-02
  6    8    8    0  187   -6.1092997693376234e-03
  6    8    8    0  188   -1.2167412776578036e-03
  6    8    8    0  189   -8.7600529524792543e-03
  6    8    8    0  190    8.8917367388262076e-04
  6    8    8    0  191    1.7908638052112436e-03
  6    8    8    0  192   -2.7102315643972154e-04
  6    8    8    0  193    1.1825252882147429e-03
  6    8    8    0  194    5.9586377287388227e-04
  6    8    8    0  195    4.4620832872528200e-03
  6    8    8    0  196   -7.9965905705026011e-04
  6    8    8    0  197    4.2385105916840473e-03
  6    8    8    0  198    1.6652667426669150e-03
  6    8    8    0  199    4.5161591671722887e-03
  6    8    8    0  200    1.6389703463885344e-03
  6    8    8    0  201    1.9803141630689355e-03
  6    8    8    0  202   -1.0197763907433448e-03
  6    8    8    0  203    1.7615548966130501e-03
  6    8    8    0  204    8.3681148464705233e-04
  6    8    8    0  205   -1.0955860243582438e-02
  6    8    8    0  206   -1.1244813227020313e-02
  6    8    8    0  207   -1.0721759052032862e-02
  6    8    8    0  208   -2.4003314844413706e-03
  6    8    8    0  209   -1.5576159960857035e-03
  6    8    8    0  210   -2.1471367905886948e-03
  6    8    8    0  211    3.2599008207558349e-03
  6    8    8    0  212    6.9415333464621794e-04
  6    8    8    0  213   -1.7714983370916292e-03
  6    8    8    0  214   -3.0189961486442882e-03
  6    8    8    0  215    2.1350292424906479e-03
  6    8    8    0  216   -1.1277453646873574e-03
  6    8    8    0  217   -3.3071421455165748e-03
  6    8    8    0  218   -3.2506879698102802e-03
  6    8    8    0  219   -7.4367910035859938e-04
  6    8    8    0  220    7.3194217803827539e-04
  6    8    8    0  221   -1.5476041877307257e-03
  6    8    8    0  222   -3.7230252076640687e-03
  6    8    8    0  223    1.6484079593914326e-03
  6    8    8    0  224    2.7018517696902346e-04
  6    8    8    0  225   -6.3023949527726332e-04
  6    8    8    0  226    4.5811025814895363e-03
  6    8    8    0  227    3.3597190677806224e-03
  6    8    8    0  228    1.9638000933325708e-03
  6    8    8    0  229    1.1818716395723271e-03
  6    8    8    0  230    1.6775377613765664e-03
  6    8    8    0  231    1.6342822001712775e-03
  6    8    8    0  232    9.0285918466580413e-04
  6    8    8    0  233    2.0819656818218618e-03
  6    8    8    0  234    1.5793058582108565e-04
  6    8    8    0  235   -8.7271257326727587e-04
  6    8    8    0  236    2.9576438561893897e-04
  6    8    8    0  237    8.2672913453805540e-04
  6    8    8    0  238    4.5457719982877127e-04
  6    8    8    0  239    5.0759669248800078e-04
  6    8    8    0  240    4.0521309920076780e-04
  6    8    8    0  241    1.0883556132246367e-03
  6    8    8    0  242   -4.6907531990466927e-04
  6    8    8    0  243    3.1635107790602542e-04
  6    8    8    0  244    5.9319445094720049e-04
  6    9    9    0    0   -2.0596436729608772e-02
  6    9    9    0    1   -2.0075724305452049e-02
  6    9    9    0    2   -9.5671107041531058e-03
  6    9    9    0    3   -7.1210640229434216e-04
  6    9    9    0    4   -5.1561254269611866e-05
  6    9    9    0    5    5.6909471727002905e-02
  6    9    9    0    6    2.4226921394531108e-02
  6    9    9    0    7    8.2951425933002945e-03
  6    9    9    0    8    1.8954977160293763e-05
  6    9    9    0    9   -2.9247312577028136e-04
  6    9    9    0   10    1.7002010121899811e-02
  6    9    9    0   11    9.6361049663444293e-03
  6    9    9    0   12   -3.3756239224239852e-03
  6    9    9    0   13    2.5676344550321370e-03
  6    9    9    0   14    3.8084880547995995e-04
  6    9    9    0   15    3.9007729039255163e-03
  6    9    9    0   16   -2.2841986674966412e-03
  6    9    9    0   17   -2.4974702658903075e-03
  6    9    9    0   18    1.1119718297526321e-03
  6    9    9    0   19    1.1061254755643363e-04
  6    9    9    0   20    3.0003564195131911e-03
  6    9    9    0   21   -1.1261374731805333e-03
  6    9    9    0   22   -6.6761599109824935e-04
  6    9    9    0   23    1.5012235141308756e-03
  6    9    9    0   24    4.3367535762200453e-05
  6    9    9    0   25    4.1624431779402137e-02
  6    9    9    0   26   -1.1688555759457715e-02
  6    9    9    0   27   -1.5020301409191068e-02
  6    9    9    0   28    6.3004931489076760e-03
  6    9    9    0   29   -1.3565357402494841e-02
  6    9    9    0   30   -4.4862770429929333e-03
  6    9    9    0   31    3.9505707950640134e-03
  6    9    9    0   32   -6.6214058066543825e-03
  6    9    9    0   33   -1.8133196810432288e-03
  6    9    9    0   34    5.5332384590266171e-04
  6    9    9    0   35   -2.1266185543076667e-02
  6    9    9    0   36    3.5114912745001672e-03
  6    9    9    0   37    7.4691601839913776e-03
  6    9    9    0   38    7.2458089285280568e-03
  6    9    9    0   39    1.3202310093861820e-03
  6    9    9    0   40   -2.6297272940506802e-03
  6    9    9    0   41    1.3367862258223145e-02
  6    9    9    0   42   -9.0923959701024132e-04
  6    9    9    0   43   -1.3062062681151907e-03
  6    9    9    0   44    1.0716576850013551e-03
  6    9    9    0   45   -1.7791826148037568e-03
  6    9    9    0   46   -2.1865297761824828e-02
  6    9    9    0   47    1.9287610579015957e-04
  6    9    9    0   48    6.4328789393588472e-03
  6    9    9    0   49   -9.4591408820892818e-04
  6    9    9    0   50   -2.6898465016212157e-04
  6    9    9    0   51   -2.0481148140388730e-03
  6    9    9    0   52   -1.6149626061804808e-03
  6    9    9    0   53   -2.7317786141119573e-03
  6    9    9    0   54    2.1155419764889430e-04
  6    9    9    0   55   -4.1803584955627275e-03
  6    9    9    0   56   -9.1808211936127374e-03
  6    9    9    0   57   -1.1996109352583105e-03
  6    9    9    0   58   -1.2302389119608981e-02
  6    9    9    0   59    1.3043218856189653e-03
  6    9    9    0   60    2.6535279117882694e-04
  6    9    9    0   61   -2.4276424594718978e-03
  6    9    9    0   62   -4.1070945103518830e-04
  6    9    9    0   63   -1.2899122069588527e-03
  6    9    9    0   64   -5.4800814108713211e-04
  6    9    9    0   65    3.9977151053530668e-04
  6    9    9    0   66    2.8565717928275224e-03
  6    9    9    0   67    1.3933323783149811e-03
  6    9    9    0   68    1.5054343668654546e-03
  6    9    9    0   69    3.2227469871749705e-03
  6    9    9    0   70    7.2094064321794776e-04
  6    9    9    0   71    1.2195682411962113e-03
  6    9    9    0   72    1.1914636347654080e-03
  6    9    9    0   73    1.3527505738438267e-04
  6    9    9    0   74    8.2928531115584103e-04
  6    9    9    0   75   -5.6841844800554139e-03
  6    9    9    0   76    1.0419010578586418e-02
  6    9    9    0   77   -8.3971998580858131e-04
  6    9    9    0   78    2.0073686622426409e-05
  6    9    9    0   79    7.2464574608493884e-04
  6    9    9    0   80    9.3407721094070136e-03
  6    9    9    0   81    1.7932008275154611e-03
  6    9    9    0   82   -1.0891530953973070e-04
  6    9    9    0   83   -3.2754826182728094e-03
  6    9    9    0   84   -3.6798719346747186e-03
  6    9    9    0   85   -8.1448584318002536e-04
  6    9    9    0   86   -3.0185531803069641e-04
  6    9    9    0   87    1.4652266146262304e-03
  6    9    9    0   88    1.9044722695599771e-03
  6    9    9    0   89   -2.0157620941381499e-03
  6    9    9    0   90   -5.1566276105154455e-04
  6    9    9    0   91    1.5664822600997322e-03
  6    9    9    0   92   -1.7647406210229595e-03
  6    9    9    0   93    1.9754984752472452e-04
  6    9    9    0   94   -7.3516248315082450e-04
  6    9    9    0   95    3.4440775310968590e-03
  6    9    9    0   96    3.3553013343820153e-03
  6    9    9    0   97    3.6646992904972395e-03
  6    9    9    0   98    9.0850938542347444e-04
  6    9    9    0   99    2.6525739979389593e-04
  6    9    9    0  100   -5.5303677881835452e-05
  6    9    9    0  101    1.2640378520574331e-02
  6    9    9    0  102    6.0640436992211270e-03
  6    9    9    0  103    7.4102726165412736e-03
  6    9    9    0  104    3.4385939555340978e-03
  6    9    9    0  105    3.2347613842717586e-03
  6    9    9    0  106   -1.2118992870470717e-03
  6    9    9    0  107    5.7926967678056957e-03
  6    9    9    0  108    3.6901224248193812e-03
  6    9    9    0  109   -1.0577683178670345e-03
  6    9    9    0  110    3.3769594325193976e-03
  6    9    9    0  111   -5.3665077210726243e-06
  6    9    9    0  112   -1.2643754459911421e-03
  6    9    9    0  113    3.0799807468221705e-03
  6    9    9    0  114    1.5586845228633334e-04
  6    9    9    0  115    1.9989791229933480e-04
  6    9    9    0  116    1.3813618113090636e-03
  6    9    9    0  117    1.6423530246189892e-03
  6    9    9    0  118    2.8213341113014144e-04
  6    9    9    0  119   -7.9327171983179279e-05
  6    9    9    0  120   -7.1862121666469109e-04
  6    9    9    0  121   -4.6095417386088789e-04
  6    9    9    0  122   -9.8843668094880047e-04
  6    9    9    0  123    5.7277535390511893e-05
  6    9    9    0  124   -2.3730329092928697e-04
  6    9    9    0  125   -3.6957987736655468e-01
  6    9    9    0  126    1.1071322682712979e-01
  6    9    9    0  127    1.0719588094635890e-02
  6    9    9    0  128   -2.0816098348689992e-02
  6    9    9    0  129   -1.8238994840057275e-02
  6    9    9    0  130   -2.7529822818801830e-03
  6    9    9    0  131   -3.3617429977548866e-03
  6    9    9    0  132    9.8956252879713416e-04
  6    9    9    0  133   -1.1720633021796264e-02
  6    9    9    0  134   -8.1060204619007037e-03
  6    9    9    0  135   -1.1113742437645117e-03
  6    9    9    0  136    7.1563320784693945e-04
  6    9    9    0  137   -1.8852561901335086e-03
  6    9    9    0  138    2.5052864495403752e-03
  6    9    9    0  139   -7.0511307357485925e-04
  6    9    9    0  140   -3.8987284222862851e-04
  6    9    9    0  141   -6.7436460406004330e-04
  6    9    9    0  142    2.6227460875910763e-03
  6    9    9    0  143    1.1386824542247048e-05
  6    9    9    0  144   -5.2452644138620960e-05
  6    9    9    0  145    1.7547563220386295e-02
  6    9    9    0  146    4.1886917133420624e-02
  6    9    9    0  147   -7.0524005975665972e-03
  6    9    9    0  148    6.7509667497607441e-04
  6    9    9    0  149   -3.8064124524601083e-02
  6    9    9    0  150   -3.9743832777229898e-02
  6    9    9    0  151   -8.7903885986340725e-03
  6    9    9    0  152   -4.7666959182143132e-03
  6    9    9    0  153   -1.0661635121666678e-02
  6    9    9    0  154   -1.2714504800882690e-02
  6    9    9    0  155   -3.8399617332075726e-03
  6    9    9    0  156    8.2460716441986378e-05
  6    9    9    0  157   -6.6361003506604233e-03
  6    9    9    0  158   -6.9241505065339654e-03
  6    9    9    0  159   -9.6893089179590994e-05
  6    9    9    0  160   -4.9446884424946577e-04
  6    9    9    0  161   -3.1780015486592458e-03
  6    9    9    0  162   -1.7734251809317198e-03
  6    9    9    0  163    7.9305459376311090e-04
  6    9    9    0  164    5.1287740002869042e-04
  6    9    9    0  165   -8.7731959432192346e-03
  6    9    9    0  166   -1.0737780784271598e-03
  6    9    9    0  167    6.0314459972064969e-03
  6    9    9    0  168    1.1226819508993527e-02
  6    9    9    0  169    2.5262276046302571e-03
  6    9    9    0  170    8.6330186835368011e-04
  6    9    9    0  171    2.8012569214656185e-04
  6    9    9    0  172    2.7770338347472752e-04
  6    9    9    0  173   -4.7988144330638575e-03
  6    9    9    0  174    1.4134827512911100e-03
  6    9    9    0  175   -5.1927746553977333e-03
  6    9    9    0  176   -1.5654702309521757e-04
  6    9    9    0  177   -4.4241190047741548e-03
  6    9    9    0  178   -7.0424699455095812e-03
  6    9    9    0  179   -1.0978999910035443e-03
  6    9    9    0  180    3.9379768789844555e-04
  6    9    9    0  181   -3.1697430830687676e-03
  6    9    9    0  182   -3.8845035638769357e-03
  6    9    9    0  183    3.4203193022499265e-04
  6    9    9    0  184    3.6803285586058484e-04
  6    9    9    0  185   -9.9614650872581843e-03
  6    9    9    0  186   -1.4202236569465938e-02
  6    9    9    0  187   -6.1139675650315603e-03
  6    9    9    0  188   -1.2349482971070155e-04
  6    9    9    0  189    3.2592029121405576e-03
  6    9    9    0  190    4.1706165840996691e-03
  6    9    9    0  191    5.3850130894757069e-04
  6    9    9    0  192   -9.7839895705149828e-04
  6    9    9    0  193   -6.9998762866480720e-03
  6    9    9    0  194    2.5947048928816205e-04
  6    9    9    0  195    4.9168004973046311e-04
  6    9    9    0  196   -1.5746911292090747e-03
  6    9    9    0  197   -3.7309657933826553e-03
  6    9    9    0  198    8.8855296916318159e-04
  6    9    9    0  199    1.3622553832302261e-03
  6    9    9    0  200    7.6377860292111994e-04
  6    9    9    0  201   -4.1908286237769318e-03
  6    9    9    0  202   -1.4357463425021778e-03
  6    9    9    0  203    1.6021257370292809e-04
  6    9    9    0  204    5.7847948264125239e-04
  6    9    9    0  205   -7.9602459494504917e-03
  6    9    9    0  206   -9.7991257035744597e-03
  6    9    9    0  207   -8.6366001072088680e-03
  6    9    9    0  208   -3.1504201790270837e-04
  6    9    9    0  209    1.9237048140064938e-04
  6    9    9    0  210   -2.2765653180554892e-04
  6    9    9    0  211    2.1804678079631132e-03
  6    9    9    0  212    9.2110377753248113e-05
  6    9    9    0  213   -1.0173340667016472e-03
  6    9    9    0  214   -2.5538397482110478e-03
  6    9    9    0  215    1.5879293101648284e-03
  6    9    9    0  216   -1.3455447635066864e-03
  6    9    9    0  217   -1.6311606639451209e-03
  6    9    9    0  218   -4.3353043854955524e-04
  6    9    9    0  219    9.1420331535342994e-04
  6    9    9    0  220    9.2094206145022111e-04
  6    9    9    0  221   -1.0115073277000707e-03
  6    9    9    0  222   -2.4685835669065194e-03
  6    9    9    0  223    8.8663946620498937e-04
  6    9    9    0  224    6.1361895912547015e-05
  6    9    9    0  225   -7.6945843631909749e-04
  6    9    9    0  226    2.6560830958186005e-03
  6    9    9    0  227    1.7318277015694939e-03
  6    9    9    0  228    1.6953190112939116e-03
  6    9    9    0  229    8.3152395093994671e-04
  6    9    9    0  230    1.2233865698410833e-03
  6    9    9    0  231    2.1899156227512474e-03
  6    9    9    0  232    2.0314408439111023e-03
  6    9    9    0  233    4.5921645437538630e-04
  6    9    9    0  234   -5.8273041629504395e-04
  6    9    9    0  235   -8.4516455142441451e-05
  6    9    9    0  236    2.3506583778330062e-04
  6    9    9    0  237   -4.7543193095168879e-04
  6    9    9    0  238    1.2451410424611700e-03
  6    9    9    0  239    6.3637481130267510e-04
  6    9    9    0  240    3.4534860843776928e-04
  6    9    9    0  241    5.8102734872804288e-04
  6    9    9    0  242    3.4662426973681613e-04
  6    9    9    0  243   -5.0636598589364336e-04
  6    9    9    0  244    1.5430949708156920e-04
