 16   16   17   19    0   -1.3614878924313228e-01
 16   16   17   19    1   -4.3514051620541908e-02
 16   16   17   19    2   -6.0310437590159818e-03
 16   16   17   19    3   -3.4566429907529894e-02
 16   16   17   19    4   -4.8320724139389480e-03
 16   16   17   19    5   -3.9237626237820468e-03
 16   16   17   19    6    3.9592883741494155e-03
 16   16   17   19    7   -1.3230151055965221e-02
 16   16   17   19    8   -2.0438668167425430e-03
 16   16   17   19    9   -7.7706728216882877e-04
 16   16   17   19   10   -5.3585007849695143e-03
 16   16   17   19   11    5.0356009144009216e-03
 16   16   17   19   12    2.4149569435117147e-03
 16   16   17   19   13    2.7430845268650603e-04
 16   16   17   19   14    3.4187130114815946e-04
 16   16   17   19   15    2.4020246471887434e-02
 16   16   17   19   16   -3.6405845934283629e-02
 16   16   17   19   17    1.3166074428008096e-02
 16   16   17   19   18    1.7028780708036383e-02
 16   16   17   19   19   -1.6674896057745397e-02
 16   16   17   19   20   -1.1979341635848385e-02
 16   16   17   19   21   -1.3674403945175620e-02
 16   16   17   19   22   -3.7978181902419833e-04
 16   16   17   19   23   -2.0012448779387453e-03
 16   16   17   19   24    1.7779527243548892e-03
 16   16   17   19   25    3.3026160195388124e-03
 16   16   17   19   26   -4.3809771105295789e-03
 16   16   17   19   27   -3.5050526834159507e-04
 16   16   17   19   28   -5.1038270430836085e-04
 16   16   17   19   29    4.4889079182894315e-04
 16   16   17   19   30   -8.8558032763456918e-02
 16   16   17   19   31   -5.3967181880596640e-02
 16   16   17   19   32    9.9301393086325823e-03
 16   16   17   19   33    5.5706693020431131e-02
 16   16   17   19   34    7.2608383083499033e-03
 16   16   17   19   35    2.7072557535828463e-03
 16   16   17   19   36    1.6453652005032769e-03
 16   16   17   19   37    5.8377138075076411e-03
 16   16   17   19   38    2.3360818794374706e-03
 16   16   17   19   39    1.6652362081921034e-03
 16   16   17   19   40   -4.4406861123800082e-03
 16   16   17   19   41   -2.7192962333352838e-03
 16   16   17   19   42   -2.8723623934828130e-03
 16   16   17   19   43   -1.2002053340735128e-03
 16   16   17   19   44   -1.2825709722549529e-04
 16   16   17   19   45   -1.5642815681598286e-02
 16   16   17   19   46   -2.0515286331101636e-02
 16   16   17   19   47    8.1429815622905983e-03
 16   16   17   19   48   -8.2059011404194086e-03
 16   16   17   19   49   -1.1222014090390316e-03
 16   16   17   19   50    8.6056409322367305e-06
 16   16   17   19   51   -5.2009940788815554e-03
 16   16   17   19   52    2.4816001378820253e-03
 16   16   17   19   53   -5.8738762774305229e-04
 16   16   17   19   54    7.8471328213016345e-04
 16   16   17   19   55   -3.9701353519684749e-04
 16   16   17   19   56    1.2605386143768073e-04
 16   16   17   19   57   -3.2554457417491110e-03
 16   16   17   19   58    1.2119178640929644e-03
 16   16   17   19   59    1.7517295664113556e-03
 16   16   17   19   60   -7.0638089423961277e-03
 16   16   17   19   61    1.1665205778506481e-02
 16   16   17   19   62    3.0656349671710176e-03
 16   16   17   19   63    5.0008041542470190e-03
 16   16   17   19   64   -7.4997904896207659e-03
 16   16   17   19   65   -6.7708626021470101e-03
 16   16   17   19   66    3.1695909267052207e-03
 16   16   17   19   67   -1.5555474741279765e-03
 16   16   17   19   68   -9.6607777867833180e-05
 16   16   17   19   69    4.7470848270921391e-03
 16   16   17   19   70    6.3953072528730650e-05
 16   16   17   19   71    8.3976845536416561e-04
 16   16   17   19   72    1.2395982627757614e-03
 16   16   17   19   73    3.1760706883273248e-03
 16   16   17   19   74    2.9057127508262111e-03
 16   16   17   19   75   -1.3301435466403317e-02
 16   16   17   19   76   -1.8458280122398401e-02
 16   16   17   19   77   -1.0637583253810634e-03
 16   16   17   19   78   -7.5446638051798976e-03
 16   16   17   19   79    4.7796256918217385e-04
 16   16   17   19   80    5.2141040440846238e-03
 16   16   17   19   81   -8.6920946836188517e-03
 16   16   17   19   82    1.9774338509742219e-03
 16   16   17   19   83    3.7393725038195164e-03
 16   16   17   19   84    2.2809986871517758e-03
 16   16   17   19   85   -1.2290856486202395e-02
 16   16   17   19   86    3.0327351692147758e-03
 16   16   17   19   87   -6.4895668474415473e-04
 16   16   17   19   88   -2.3459551373885046e-04
 16   16   17   19   89    8.8955545248490294e-04
 16   16   17   19   90   -3.2659952109771444e-03
 16   16   17   19   91   -7.9833743702493777e-03
 16   16   17   19   92    4.0561433669812465e-03
 16   16   17   19   93   -3.8746295734779380e-03
 16   16   17   19   94    8.3556682015717984e-04
 16   16   17   19   95    2.6820087751771070e-03
 16   16   17   19   96   -2.1364891272517028e-03
 16   16   17   19   97    1.7615811183777309e-03
 16   16   17   19   98    2.2821644548327870e-03
 16   16   17   19   99    8.2751211749149144e-04
 16   16   17   19  100   -7.2489963554237804e-03
 16   16   17   19  101    2.2533539683917605e-03
 16   16   17   19  102    6.8058747448883437e-04
 16   16   17   19  103   -1.9661659727602826e-05
 16   16   17   19  104   -9.7927269579303189e-05
 16   16   17   19  105    1.8978429615435072e-02
 16   16   17   19  106    1.0169362867389840e-02
 16   16   17   19  107    1.0891387794837431e-02
 16   16   17   19  108    3.7636802356678374e-03
 16   16   17   19  109   -4.0755557255190387e-03
 16   16   17   19  110   -8.4441473903919099e-04
 16   16   17   19  111   -2.7974616371727985e-04
 16   16   17   19  112   -3.9508058245659502e-03
 16   16   17   19  113   -1.3955733887321081e-03
 16   16   17   19  114   -7.8318065949921584e-04
 16   16   17   19  115   -4.6627209124177196e-05
 16   16   17   19  116   -2.5317925682007800e-03
 16   16   17   19  117   -1.8257701139343036e-03
 16   16   17   19  118   -3.6791109813842432e-04
 16   16   17   19  119    1.5173499229836668e-04
 16   16   17   19  120   -4.0996978021976151e-04
 16   16   17   19  121    2.5257202543388737e-03
 16   16   17   19  122   -1.1569645899659492e-04
 16   16   17   19  123   -2.3442112383576068e-03
 16   16   17   19  124   -1.1008260635981663e-03
 16   16   17   19  125    3.9015152087889574e-03
 16   16   17   19  126    6.4325320357001671e-03
 16   16   17   19  127   -6.3887430432410675e-03
 16   16   17   19  128    4.8543833182338155e-03
 16   16   17   19  129    5.3394157119361174e-04
 16   16   17   19  130   -4.4003463456979364e-04
 16   16   17   19  131   -8.3440599421614515e-04
 16   16   17   19  132    2.3501735742928239e-03
 16   16   17   19  133   -3.6726903631879523e-04
 16   16   17   19  134    7.7211869764158851e-05
 16   16   17   19  135    8.8596896002076635e-03
 16   16   17   19  136    6.5637472053593259e-03
 16   16   17   19  137    2.4409772564245243e-04
 16   16   17   19  138    3.7575296679702932e-05
 16   16   17   19  139    6.3331750607487449e-04
 16   16   17   19  140    1.8381232381533955e-03
 16   16   17   19  141   -1.9309414533497772e-03
 16   16   17   19  142    4.9128253586171796e-04
 16   16   17   19  143    1.9880308454594065e-03
 16   16   17   19  144    1.5569364727793993e-03
 16   16   17   19  145   -4.6866715837155550e-03
 16   16   17   19  146   -3.6180665717923198e-04
 16   16   17   19  147   -5.4076963975327923e-03
 16   16   17   19  148    6.5651088187793170e-04
 16   16   17   19  149   -4.5269940069950186e-03
 16   16   17   19  150   -1.9416426174122725e-03
 16   16   17   19  151   -2.3628592232164498e-03
 16   16   17   19  152    1.2282518744809155e-03
 16   16   17   19  153    2.8076522917072325e-03
 16   16   17   19  154    8.0618066018882319e-04
 16   16   17   19  155   -3.6595366195063556e-03
 16   16   17   19  156    3.8585910947799102e-03
 16   16   17   19  157   -2.5417820858562894e-04
 16   16   17   19  158    3.1922341295605766e-03
 16   16   17   19  159    5.3894699459514431e-04
 16   16   17   19  160   -3.2483210339362039e-03
 16   16   17   19  161   -1.7572600642212165e-03
 16   16   17   19  162    2.0011035113555900e-04
 16   16   17   19  163   -8.4664287338619788e-04
 16   16   17   19  164   -3.1372022444527776e-04
 16   16   17   19  165   -1.6744118938961694e-04
 16   16   17   19  166    4.5840873595244785e-03
 16   16   17   19  167    1.6897523782634220e-03
 16   16   17   19  168    2.9752662768211860e-03
 16   16   17   19  169    8.5594680437540819e-04
 16   16   17   19  170   -2.9494650141417660e-03
 16   16   17   19  171   -1.0560427946630397e-03
 16   16   17   19  172   -4.3872880794586141e-04
 16   16   17   19  173   -1.9011791249745968e-04
 16   16   17   19  174   -3.6461782187940196e-04
 16   16   17   19  175   -2.3555667548914951e+00
 16   16   17   19  176    1.6499345812371502e-01
 16   16   17   19  177   -1.7827835638400683e-01
 16   16   17   19  178   -2.1307067863231871e-01
 16   16   17   19  179    1.0888550588897310e-01
 16   16   17   19  180    1.8389873696519701e-02
 16   16   17   19  181    1.5344941929097950e-02
 16   16   17   19  182   -6.8966070320854479e-03
 16   16   17   19  183    1.6355586559207581e-03
 16   16   17   19  184   -1.4640180248616703e-03
 16   16   17   19  185    6.7240067304484476e-03
 16   16   17   19  186    6.1821980398266071e-03
 16   16   17   19  187   -4.1703149909554796e-03
 16   16   17   19  188    5.4501503579047384e-05
 16   16   17   19  189   -5.0716796400270578e-04
 16   16   17   19  190    7.6327816935547171e-03
 16   16   17   19  191    4.5511905388044465e-03
 16   16   17   19  192   -2.3018781848921691e-03
 16   16   17   19  193   -1.0551546105220688e-04
 16   16   17   19  194   -1.5998960345279623e-03
 16   16   17   19  195    4.6248308690346601e-03
 16   16   17   19  196    2.8727462269373550e-03
 16   16   17   19  197   -1.3214293749347792e-03
 16   16   17   19  198    1.9533958760549852e-03
 16   16   17   19  199    6.5827554703686020e-04
 16   16   17   19  200    1.2229586920521941e-03
 16   16   17   19  201    7.7373860331205867e-04
 16   16   17   19  202   -2.1888167802795261e-04
 16   16   17   19  203   -4.2387489638154996e-04
 16   16   17   19  204   -4.4423628328950658e-04
 16   16   17   19  205    2.0600122599211727e-02
 16   16   17   19  206   -1.5390673704972267e-02
 16   16   17   19  207   -3.6806364493301109e-02
 16   16   17   19  208   -1.6976648655216475e-02
 16   16   17   19  209   -2.2024346660661845e-03
 16   16   17   19  210    5.0706864408884243e-02
 16   16   17   19  211   -1.6565809199526899e-02
 16   16   17   19  212   -9.7643423925781198e-03
 16   16   17   19  213    2.5793158243880500e-03
 16   16   17   19  214   -3.2147833968180222e-03
 16   16   17   19  215    1.8655675245034718e-02
 16   16   17   19  216    1.3305755748842542e-03
 16   16   17   19  217   -6.5853928534311251e-03
 16   16   17   19  218    1.3383487630676896e-03
 16   16   17   19  219    9.0831820443976826e-04
 16   16   17   19  220    6.6849432118235158e-03
 16   16   17   19  221   -2.1684683487117481e-03
 16   16   17   19  222   -7.3907759432412512e-03
 16   16   17   19  223   -6.5763185064038809e-04
 16   16   17   19  224   -3.9474654669012505e-04
 16   16   17   19  225    4.7724759929201272e-03
 16   16   17   19  226    6.6083228579280921e-04
 16   16   17   19  227   -2.4608837057240327e-03
 16   16   17   19  228    2.4402490709035662e-03
 16   16   17   19  229    1.8002126446490837e-03
 16   16   17   19  230   -4.7981904842379968e-03
 16   16   17   19  231   -1.8732121444922265e-03
 16   16   17   19  232    2.8848183742707527e-05
 16   16   17   19  233    7.8761612401241914e-05
 16   16   17   19  234   -5.7602862278837200e-04
 16   16   17   19  235   -2.4430701544424216e-04
 16   16   17   19  236   -3.9819817960165996e-02
 16   16   17   19  237   -3.6094789177074935e-03
 16   16   17   19  238    1.9724157920980097e-02
 16   16   17   19  239    2.1170503038764332e-03
 16   16   17   19  240   -4.2938111234994431e-03
 16   16   17   19  241   -1.1022678935604432e-02
 16   16   17   19  242    1.8748091640882032e-03
 16   16   17   19  243   -4.0937318631950378e-03
 16   16   17   19  244   -9.1259122236137197e-04
 16   16   17   19  245    4.1452339728601500e-03
 16   16   17   19  246    1.3406650467535524e-03
 16   16   17   19  247   -1.7618902442259388e-03
 16   16   17   19  248    5.7043475968956319e-04
 16   16   17   19  249    1.9599589957600786e-04
 16   16   17   19  250    6.2600683934016382e-03
 16   16   17   19  251    1.0725840875606919e-02
 16   16   17   19  252    1.8266629067648248e-04
 16   16   17   19  253    2.1558644235693783e-03
 16   16   17   19  254   -1.9847175744675083e-04
 16   16   17   19  255   -3.1215147300571867e-03
 16   16   17   19  256    2.9126291646799181e-03
 16   16   17   19  257   -2.1166461512700770e-03
 16   16   17   19  258   -2.6540165619981417e-04
 16   16   17   19  259   -1.7785392538597988e-03
 16   16   17   19  260   -3.0673513739126303e-03
 16   16   17   19  261   -2.9618548210828940e-04
 16   16   17   19  262    8.3153129963171011e-04
 16   16   17   19  263    7.1867514413743766e-04
 16   16   17   19  264   -1.3288496919306521e-03
 16   16   17   19  265   -1.5112681146497567e-01
 16   16   17   19  266    1.6440154262486087e-02
 16   16   17   19  267    1.6822628478128009e-02
 16   16   17   19  268    3.7175676207355911e-03
 16   16   17   19  269    9.7319530783593015e-03
 16   16   17   19  270    2.2302385894069295e-02
 16   16   17   19  271    1.1038616924960696e-02
 16   16   17   19  272    5.2749630858199559e-03
 16   16   17   19  273    6.7841792527079461e-03
 16   16   17   19  274    5.8088115090081825e-03
 16   16   17   19  275    1.5824475009162228e-02
 16   16   17   19  276    4.0098092767684021e-03
 16   16   17   19  277   -1.7018453216755022e-03
 16   16   17   19  278    1.7631000768791511e-03
 16   16   17   19  279    4.9822763704103594e-03
 16   16   17   19  280   -8.3706410799330982e-03
 16   16   17   19  281    2.3429388029631740e-03
 16   16   17   19  282    1.4665132886546397e-03
 16   16   17   19  283    2.6763721869370845e-03
 16   16   17   19  284    1.7915880893148212e-03
 16   16   17   19  285   -1.7073497691853556e-04
 16   16   17   19  286   -3.5506712637201269e-03
 16   16   17   19  287   -1.8748211279149682e-03
 16   16   17   19  288    8.7360688528045341e-04
 16   16   17   19  289   -1.3141136240105756e-03
 16   16   17   19  290   -1.6381673765009866e-06
 16   16   17   19  291    1.1488685216928152e-03
 16   16   17   19  292    2.3890258347182849e-03
 16   16   17   19  293    6.0535453212853254e-04
 16   16   17   19  294   -2.5101252403102316e-03
 16   16   17   19  295   -1.3893912720249516e-02
 16   16   17   19  296   -1.2034894488938717e-02
 16   16   17   19  297   -2.7996938566579574e-02
 16   16   17   19  298    1.2949893162753946e-04
 16   16   17   19  299    3.9209243989143964e-03
 16   16   17   19  300    2.4882760799784069e-03
 16   16   17   19  301   -8.0842298416222581e-03
 16   16   17   19  302    3.5129582018279177e-03
 16   16   17   19  303    4.1071444882218771e-03
 16   16   17   19  304    3.0351290196118878e-03
 16   16   17   19  305    1.1399274137562703e-02
 16   16   17   19  306   -4.0461141259836696e-03
 16   16   17   19  307   -6.4500888315447277e-03
 16   16   17   19  308   -2.5140183378070174e-03
 16   16   17   19  309    1.4859009921029539e-03
 16   16   17   19  310    6.9667464499422198e-04
 16   16   17   19  311   -5.8428583291632199e-04
 16   16   17   19  312    1.5615289580780652e-03
 16   16   17   19  313    1.4484720455330195e-03
 16   16   17   19  314    7.1488715685939390e-05
 16   16   17   19  315    3.0122511648718164e-03
 16   16   17   19  316   -1.5178386434069675e-03
 16   16   17   19  317   -6.7441504262550516e-04
 16   16   17   19  318   -2.0664610321028784e-03
 16   16   17   19  319   -2.6996560109858758e-03
 16   16   17   19  320   -1.9587536612944096e-03
 16   16   17   19  321    4.6961532439266805e-04
 16   16   17   19  322    1.0018454441777372e-03
 16   16   17   19  323    1.7987650053503648e-03
 16   16   17   19  324   -1.4510836436166597e-03
 16   16   17   19  325    6.8657405702363655e-03
 16   16   17   19  326    6.2770784465220816e-03
 16   16   17   19  327   -5.2324347265475515e-03
 16   16   17   19  328   -2.1712294749478833e-03
 16   16   17   19  329    2.2833789439814741e-03
 16   16   17   19  330   -8.4372515509831356e-03
 16   16   17   19  331   -4.8722790880591357e-03
 16   16   17   19  332    8.3451927205203946e-04
 16   16   17   19  333   -6.5067324352451636e-04
 16   16   17   19  334   -3.6408028630939690e-03
 16   16   17   19  335   -3.4716385672096876e-03
 16   16   17   19  336   -7.7840548857732519e-03
 16   16   17   19  337   -3.5160398215935548e-03
 16   16   17   19  338   -5.0531091672427718e-03
 16   16   17   19  339   -1.3642474585606689e-03
 16   16   17   19  340    4.2431053915289781e-03
 16   16   17   19  341    9.2376119163041709e-04
 16   16   17   19  342    1.2703778738692990e-03
 16   16   17   19  343    4.2714193816572729e-03
 16   16   17   19  344    4.4505556773526497e-04
 16   16   17   19  345    1.1826681017711863e-03
 16   16   17   19  346   -1.8215919689473560e-03
 16   16   17   19  347   -5.2567957752442242e-04
 16   16   17   19  348   -2.1951169527713484e-03
 16   16   17   19  349   -2.7492329063156331e-03
 16   16   17   19  350   -2.4708335731988720e-03
 16   16   17   19  351   -3.4819851764595236e-03
 16   16   17   19  352   -2.9737571590954773e-03
 16   16   17   19  353   -5.2577469196892423e-04
 16   16   17   19  354   -5.0152707577598107e-04
 16   16   17   19  355   -1.9062994922121464e-03
 16   16   17   19  356   -1.1161387811653016e-02
 16   16   17   19  357   -2.0189248169930497e-02
 16   16   17   19  358   -1.7283917011383629e-02
 16   16   17   19  359   -5.3999028780248844e-03
 16   16   17   19  360    5.1773363496392839e-03
 16   16   17   19  361    2.2852872846699807e-03
 16   16   17   19  362    2.0721542344086444e-04
 16   16   17   19  363    3.3917082221145201e-03
 16   16   17   19  364    2.3142617340600716e-03
 16   16   17   19  365    5.6001175365171128e-03
 16   16   17   19  366    6.3611258675206330e-03
 16   16   17   19  367    5.8643032479255026e-04
 16   16   17   19  368    8.2033509639846110e-04
 16   16   17   19  369    8.4199790041553926e-04
 16   16   17   19  370   -1.1800673847545231e-03
 16   16   17   19  371    3.0408707300771738e-03
 16   16   17   19  372    1.8415553648753204e-03
 16   16   17   19  373   -8.4199454650964330e-04
 16   16   17   19  374   -6.2040344745853925e-04
 16   16   17   19  375   -1.3328853853448333e-03
 16   16   17   19  376    7.0356322451770525e-04
 16   16   17   19  377   -9.0591600345940344e-04
 16   16   17   19  378    7.1836298921953339e-04
 16   16   17   19  379    1.4484872490168361e-03
 16   16   17   19  380    3.6619116924543117e-03
 16   16   17   19  381   -3.2674930743862359e-05
 16   16   17   19  382   -3.0861614111290618e-03
 16   16   17   19  383    8.6403016734498889e-04
 16   16   17   19  384    1.9091611813987878e-04
 16   16   17   19  385   -1.8826206079324728e-03
 16   16   17   19  386    5.0581187272803222e-03
 16   16   17   19  387    2.2899574203411898e-03
 16   16   17   19  388   -6.8005051976463273e-03
 16   16   17   19  389   -7.7125949050214334e-03
 16   16   17   19  390    7.5248761421769334e-04
 16   16   17   19  391    1.8573612658873644e-04
 16   16   17   19  392    1.2372422952394945e-03
 16   16   17   19  393    5.2122344570181322e-03
 16   16   17   19  394    4.7856201700372906e-03
 16   16   17   19  395    7.3706069426313645e-03
 16   16   17   19  396    4.9272619687069107e-05
 16   16   17   19  397   -1.7933452001645510e-03
 16   16   17   19  398   -9.0343325002613931e-05
 16   16   17   19  399   -3.9078810620032410e-05
 16   16   17   19  400    2.2836793248356469e-03
 16   16   17   19  401    4.2984704857162003e-03
 16   16   17   19  402   -9.2180339254178349e-04
 16   16   17   19  403    1.4613843904634511e-03
 16   16   17   19  404    2.4734198606520502e-03
 16   16   17   19  405    1.3340224527937244e-03
 16   16   17   19  406    1.0425107145396971e-03
 16   16   17   19  407    5.4899913515309346e-04
 16   16   17   19  408    2.4046886931239869e-03
 16   16   17   19  409    3.0080133385240438e-03
 16   16   17   19  410   -1.6734720924074225e-03
 16   16   17   19  411   -1.3607691271444577e-03
 16   16   17   19  412   -1.2553587201728337e-03
 16   16   17   19  413    1.9711998646885459e-03
 16   16   17   19  414    1.8243334443200419e-03
 16   16   19   20    0   -6.4463855424463446e-03
 16   16   19   20    1    7.7974527823460949e-03
 16   16   19   20    2   -3.3672696271018342e-02
 16   16   19   20    3    3.3477675036234183e-03
 16   16   19   20    4   -6.4406744659664308e-03
 16   16   19   20    5    6.0319693103983909e-03
 16   16   19   20    6   -9.2352947059961416e-03
 16   16   19   20    7    1.6881471758013963e-02
 16   16   19   20    8    1.1644063369764326e-02
 16   16   19   20    9    5.7456007808033890e-03
 16   16   19   20   10    6.4473912247441176e-03
 16   16   19   20   11   -2.7650636868282709e-04
 16   16   19   20   12    7.1356893528588166e-04
 16   16   19   20   13    2.1902119696507877e-03
 16   16   19   20   14    7.7404513643281299e-03
 16   16   19   20   15   -3.6720708499607386e-04
 16   16   19   20   16    1.0661727002093477e-02
 16   16   19   20   17   -1.9419246687638884e-02
 16   16   19   20   18    2.8835285568925089e-03
 16   16   19   20   19    1.7533358117962836e-03
 16   16   19   20   20    7.0749709840421662e-03
 16   16   19   20   21    2.4999552049989812e-02
 16   16   19   20   22    1.6068541908643569e-02
 16   16   19   20   23    1.4795024289093501e-02
 16   16   19   20   24    7.7244271855432430e-03
 16   16   19   20   25   -1.3003584092431679e-03
 16   16   19   20   26    5.4681183008097201e-03
 16   16   19   20   27    3.4629968860508727e-03
 16   16   19   20   28   -2.0679588527657278e-03
 16   16   19   20   29    3.2990497315757337e-03
 16   16   19   20   30    3.5959970659567277e-02
 16   16   19   20   31    6.5992855957657318e-02
 16   16   19   20   32   -5.1837888057184641e-03
 16   16   19   20   33   -4.1521039372008330e-02
 16   16   19   20   34   -1.0731438493143864e-02
 16   16   19   20   35   -9.5832290560180378e-03
 16   16   19   20   36   -2.3502970890943775e-02
 16   16   19   20   37    1.7386832217017732e-03
 16   16   19   20   38    2.4872468122232611e-03
 16   16   19   20   39    3.5966662903373350e-03
 16   16   19   20   40    4.8402201464522012e-03
 16   16   19   20   41    1.0081224370238128e-02
 16   16   19   20   42    4.3779647967646940e-03
 16   16   19   20   43   -6.7176385056980890e-03
 16   16   19   20   44   -4.4959359881189334e-03
 16   16   19   20   45    8.1887079028466273e-03
 16   16   19   20   46    1.5242891881780858e-03
 16   16   19   20   47    1.1155537494452254e-02
 16   16   19   20   48   -7.4395141439852364e-03
 16   16   19   20   49    4.8612762060860058e-04
 16   16   19   20   50    4.7088360775680307e-05
 16   16   19   20   51   -3.7443918149531971e-03
 16   16   19   20   52    1.5866015986567520e-04
 16   16   19   20   53   -6.9429215458112620e-03
 16   16   19   20   54   -4.7011533492092602e-04
 16   16   19   20   55   -3.0073944652598270e-04
 16   16   19   20   56   -6.6339119973887438e-03
 16   16   19   20   57    6.0877027805411642e-03
 16   16   19   20   58   -1.6218994139799929e-03
 16   16   19   20   59   -1.9879310268091891e-03
 16   16   19   20   60    2.3743339685352725e-02
 16   16   19   20   61   -9.6104042138180218e-03
 16   16   19   20   62    3.5540958194963850e-03
 16   16   19   20   63    1.0220246564141869e-02
 16   16   19   20   64   -1.7808596061751796e-03
 16   16   19   20   65   -8.3921436732531853e-03
 16   16   19   20   66    1.1686059065704386e-03
 16   16   19   20   67   -1.4103069350565241e-02
 16   16   19   20   68   -5.8496932862235245e-03
 16   16   19   20   69   -5.7104364573975341e-03
 16   16   19   20   70    5.0779452973794903e-03
 16   16   19   20   71    2.6445700167725683e-03
 16   16   19   20   72   -1.9908192318892244e-03
 16   16   19   20   73    2.6634415954743013e-03
 16   16   19   20   74    4.8987181096715798e-03
 16   16   19   20   75    1.4187574510469171e-03
 16   16   19   20   76    2.9010044805173179e-04
 16   16   19   20   77    3.1680340321212043e-03
 16   16   19   20   78   -5.3249450606189875e-03
 16   16   19   20   79   -8.6507455781357039e-03
 16   16   19   20   80    8.3176866459459490e-03
 16   16   19   20   81    7.6731742711819978e-05
 16   16   19   20   82   -1.5431072070085463e-03
 16   16   19   20   83   -3.8874671414821488e-03
 16   16   19   20   84    5.9296188780579503e-03
 16   16   19   20   85    6.8172498704672010e-03
 16   16   19   20   86   -7.5486847070906403e-03
 16   16   19   20   87   -7.9461939601907419e-03
 16   16   19   20   88    9.3102890653275054e-04
 16   16   19   20   89   -7.0366191128281800e-03
 16   16   19   20   90   -5.3232026460947593e-03
 16   16   19   20   91   -1.1506441367421964e-02
 16   16   19   20   92   -1.2878183782325267e-03
 16   16   19   20   93   -3.6801679600757279e-03
 16   16   19   20   94   -1.0921151030863813e-03
 16   16   19   20   95   -1.0331312946488291e-02
 16   16   19   20   96    3.9511968383648850e-03
 16   16   19   20   97    6.7348575180832602e-04
 16   16   19   20   98   -7.8309643442732724e-03
 16   16   19   20   99    8.7892715862537471e-04
 16   16   19   20  100   -5.1013128334293813e-03
 16   16   19   20  101    4.8989180652021782e-03
 16   16   19   20  102   -1.1787748238260237e-02
 16   16   19   20  103    5.6782338421415167e-03
 16   16   19   20  104    2.2805661684557792e-03
 16   16   19   20  105   -9.0478578521738396e-03
 16   16   19   20  106   -1.2961249385315364e-02
 16   16   19   20  107   -1.3974810951881663e-02
 16   16   19   20  108   -6.2953928690719580e-03
 16   16   19   20  109    3.0098406705034307e-03
 16   16   19   20  110    4.4431187802082793e-03
 16   16   19   20  111    1.1018684789185955e-03
 16   16   19   20  112    9.2055003679592171e-03
 16   16   19   20  113    1.3653843375352196e-02
 16   16   19   20  114    5.1453371236256330e-03
 16   16   19   20  115    1.7865876884130345e-02
 16   16   19   20  116   -7.0117469541145592e-03
 16   16   19   20  117   -5.3644771315861867e-03
 16   16   19   20  118   -9.4133654818020929e-03
 16   16   19   20  119   -2.5918458864481923e-04
 16   16   19   20  120    4.4375246435328873e-04
 16   16   19   20  121    1.3528321573115201e-03
 16   16   19   20  122    5.2920446145908843e-03
 16   16   19   20  123    1.1779366034135806e-02
 16   16   19   20  124    1.6994208710237619e-02
 16   16   19   20  125    5.5286896210386639e-03
 16   16   19   20  126   -2.9119599438309609e-03
 16   16   19   20  127    3.3877712114104620e-03
 16   16   19   20  128    1.1944197679428536e-03
 16   16   19   20  129   -8.6914225990280538e-04
 16   16   19   20  130    1.5186963891376329e-03
 16   16   19   20  131    4.4965644835285607e-03
 16   16   19   20  132    2.4082205485192547e-03
 16   16   19   20  133    4.0420827759007974e-03
 16   16   19   20  134    2.2658674388317253e-03
 16   16   19   20  135   -3.2144317778604035e-03
 16   16   19   20  136    1.1370589593699030e-02
 16   16   19   20  137   -2.2169713772625115e-03
 16   16   19   20  138    6.4815113135904129e-03
 16   16   19   20  139   -2.7350500901996414e-04
 16   16   19   20  140   -7.8697616880946033e-03
 16   16   19   20  141    5.8787245101169158e-03
 16   16   19   20  142   -3.4115747444590579e-03
 16   16   19   20  143    4.5716930140771628e-04
 16   16   19   20  144   -6.9574896243114305e-03
 16   16   19   20  145   -9.6389720537137693e-04
 16   16   19   20  146    7.3052610664361426e-03
 16   16   19   20  147    5.0063000154737802e-03
 16   16   19   20  148    3.3574403053671532e-03
 16   16   19   20  149    4.1657477181755286e-03
 16   16   19   20  150    9.5533142115552302e-03
 16   16   19   20  151   -6.6125978941542992e-04
 16   16   19   20  152    3.6181156363919993e-03
 16   16   19   20  153   -6.0358866441809671e-03
 16   16   19   20  154   -1.0601288592725045e-02
 16   16   19   20  155   -2.0555739736159945e-03
 16   16   19   20  156    2.9921799056299584e-03
 16   16   19   20  157    2.7387308553793364e-03
 16   16   19   20  158    4.1819599467213392e-03
 16   16   19   20  159   -5.4118313069266696e-04
 16   16   19   20  160   -2.2724160549732601e-03
 16   16   19   20  161    2.2862710299547590e-03
 16   16   19   20  162   -2.1173849227639732e-03
 16   16   19   20  163   -9.8346515387039450e-04
 16   16   19   20  164   -4.6080313077147706e-03
 16   16   19   20  165   -1.2086911942353519e-02
 16   16   19   20  166   -1.0436759049922813e-02
 16   16   19   20  167   -6.6601028201830866e-03
 16   16   19   20  168    5.1759310268355133e-04
 16   16   19   20  169    2.4901213339865616e-03
 16   16   19   20  170    7.6818181907741959e-03
 16   16   19   20  171   -1.5774742733726452e-03
 16   16   19   20  172    2.0702983371466968e-03
 16   16   19   20  173    2.9916984767888169e-03
 16   16   19   20  174    1.1697880226551520e-04
 16   16   19   20  175    5.3143320230125757e-01
 16   16   19   20  176   -6.1094974700440963e-01
 16   16   19   20  177   -1.5047523596220840e-02
 16   16   19   20  178    1.8253947929690884e-01
 16   16   19   20  179   -4.4153282198639378e-02
 16   16   19   20  180    8.9884101025606723e-03
 16   16   19   20  181    9.6750019161071666e-03
 16   16   19   20  182    8.9833868457342035e-04
 16   16   19   20  183   -8.5597574150183034e-04
 16   16   19   20  184   -1.5850106672885811e-03
 16   16   19   20  185    9.1988746867075269e-03
 16   16   19   20  186    2.4915176375534523e-03
 16   16   19   20  187    1.5637519677400627e-03
 16   16   19   20  188    6.8234608964038894e-03
 16   16   19   20  189    9.2612111430126175e-03
 16   16   19   20  190    4.3017755419843255e-04
 16   16   19   20  191    1.5382768405764772e-03
 16   16   19   20  192    1.6916643633604757e-03
 16   16   19   20  193   -1.4516732587244192e-03
 16   16   19   20  194   -4.3318706788968942e-03
 16   16   19   20  195   -6.9053359354613684e-03
 16   16   19   20  196   -3.7859015674396612e-03
 16   16   19   20  197    1.1013952190999500e-04
 16   16   19   20  198   -8.4713818192080361e-04
 16   16   19   20  199   -3.9962931860276496e-03
 16   16   19   20  200   -2.1883024057173959e-03
 16   16   19   20  201    4.2135894341464612e-03
 16   16   19   20  202    4.3350831522227283e-03
 16   16   19   20  203    3.8922793536898936e-03
 16   16   19   20  204   -2.5749210142596169e-03
 16   16   19   20  205   -1.7258684384292458e-03
 16   16   19   20  206   -3.5881941878517683e-02
 16   16   19   20  207    2.7423487827135593e-03
 16   16   19   20  208   -4.8125854152148871e-03
 16   16   19   20  209    6.1505765194133763e-04
 16   16   19   20  210   -3.2157573351187636e-02
 16   16   19   20  211   -1.8051558701300627e-02
 16   16   19   20  212   -7.5004812865012670e-03
 16   16   19   20  213   -5.3524776319087792e-03
 16   16   19   20  214    4.4433650384468303e-03
 16   16   19   20  215   -8.4402372139469658e-03
 16   16   19   20  216    7.0368778633259615e-03
 16   16   19   20  217    3.4231152768652981e-03
 16   16   19   20  218    8.4301891211411521e-03
 16   16   19   20  219    5.6795966535757702e-03
 16   16   19   20  220    6.5160446905971406e-03
 16   16   19   20  221   -6.9058961240283942e-03
 16   16   19   20  222   -7.8996598749958343e-03
 16   16   19   20  223   -1.2656626216244785e-03
 16   16   19   20  224    5.9517813276800269e-03
 16   16   19   20  225   -6.7834137045237339e-03
 16   16   19   20  226   -5.7946190840409461e-03
 16   16   19   20  227   -5.8080310783478048e-03
 16   16   19   20  228   -4.0529467602764754e-03
 16   16   19   20  229   -1.5472490422547100e-02
 16   16   19   20  230   -6.1035036467976134e-03
 16   16   19   20  231   -6.0933281297729904e-03
 16   16   19   20  232   -4.4492459966416183e-03
 16   16   19   20  233   -1.9148637707990862e-03
 16   16   19   20  234   -9.2632067631110860e-03
 16   16   19   20  235    1.0482801579138017e-02
 16   16   19   20  236    2.0663154102206627e-04
 16   16   19   20  237    2.4094159093056185e-02
 16   16   19   20  238    6.3895163220703067e-03
 16   16   19   20  239   -5.3552484458361631e-03
 16   16   19   20  240    1.8275040179120770e-02
 16   16   19   20  241   -9.1961009563341096e-03
 16   16   19   20  242   -1.1624349446171106e-02
 16   16   19   20  243    8.0395268096378793e-03
 16   16   19   20  244   -2.0053572710718509e-03
 16   16   19   20  245    5.3001038736884788e-03
 16   16   19   20  246   -6.9952410328641933e-03
 16   16   19   20  247   -1.1533582784252738e-02
 16   16   19   20  248   -2.1677203759496032e-03
 16   16   19   20  249   -3.2131552549931140e-03
 16   16   19   20  250    1.8015279797887452e-03
 16   16   19   20  251   -4.5211693269691221e-03
 16   16   19   20  252    5.0121728120021576e-04
 16   16   19   20  253    2.4130638425117514e-03
 16   16   19   20  254    9.7868251282939465e-04
 16   16   19   20  255    8.4735621775692085e-04
 16   16   19   20  256   -1.2734232200522684e-03
 16   16   19   20  257    1.2675074662904218e-03
 16   16   19   20  258    3.1036755333316642e-03
 16   16   19   20  259    3.7343283238097181e-03
 16   16   19   20  260    3.6457244058287207e-04
 16   16   19   20  261    3.7292010771968506e-03
 16   16   19   20  262   -3.3446267739460438e-03
 16   16   19   20  263    1.0091058255863270e-02
 16   16   19   20  264    6.6603814940658255e-03
 16   16   19   20  265    1.4529802648526444e-03
 16   16   19   20  266   -9.6227835634178620e-03
 16   16   19   20  267    7.2378622128128527e-03
 16   16   19   20  268    3.7813803686620241e-03
 16   16   19   20  269   -6.8732892743053114e-03
 16   16   19   20  270   -1.0189395531221506e-02
 16   16   19   20  271   -5.6502000506266359e-03
 16   16   19   20  272    2.4038349448366014e-03
 16   16   19   20  273   -5.5701145241652044e-03
 16   16   19   20  274   -7.2807523020808011e-03
 16   16   19   20  275   -2.9083498721094902e-02
 16   16   19   20  276   -1.6634388153265473e-02
 16   16   19   20  277   -6.9034014973463256e-03
 16   16   19   20  278   -7.3859951869965331e-03
 16   16   19   20  279   -4.8752811386185372e-03
 16   16   19   20  280    8.8302164047602202e-03
 16   16   19   20  281    2.5026126802684370e-03
 16   16   19   20  282    9.7984176073842855e-03
 16   16   19   20  283    4.9290277203859131e-03
 16   16   19   20  284   -1.5893680169076570e-03
 16   16   19   20  285    1.9343801964441121e-02
 16   16   19   20  286    1.2529841643820509e-02
 16   16   19   20  287    1.7984999074987845e-03
 16   16   19   20  288    6.8523206706479706e-03
 16   16   19   20  289    1.1651986310884868e-02
 16   16   19   20  290    1.1345049819949018e-02
 16   16   19   20  291    3.4216819562477561e-03
 16   16   19   20  292   -6.2210054602223766e-03
 16   16   19   20  293    5.5515825077475495e-04
 16   16   19   20  294    6.5718568208280202e-03
 16   16   19   20  295    1.1754519027835867e-02
 16   16   19   20  296    2.6893966332164256e-02
 16   16   19   20  297    6.3403015858257460e-03
 16   16   19   20  298   -1.7275999837937416e-03
 16   16   19   20  299   -8.9667326666162603e-03
 16   16   19   20  300   -1.2383713427157897e-02
 16   16   19   20  301    1.1936187851718815e-03
 16   16   19   20  302    3.6389241680901490e-03
 16   16   19   20  303    1.7753488957106816e-03
 16   16   19   20  304   -7.4688083007566760e-03
 16   16   19   20  305   -4.2103466251466040e-03
 16   16   19   20  306   -1.0952071321498112e-02
 16   16   19   20  307   -1.1672974367638292e-02
 16   16   19   20  308   -1.0940083483805858e-02
 16   16   19   20  309   -1.3719411540515048e-02
 16   16   19   20  310    6.3044654068660846e-03
 16   16   19   20  311    3.6537949737545450e-03
 16   16   19   20  312    5.7064978985993829e-03
 16   16   19   20  313   -1.7839883081357832e-03
 16   16   19   20  314    3.3922065848056176e-03
 16   16   19   20  315    9.7796074236895653e-03
 16   16   19   20  316    1.3007393789032328e-03
 16   16   19   20  317    1.8937574116357351e-03
 16   16   19   20  318    3.7002481614176173e-03
 16   16   19   20  319    7.0310182978980248e-03
 16   16   19   20  320    1.3061279356325974e-02
 16   16   19   20  321    9.5728954623756413e-04
 16   16   19   20  322   -2.5407768363051963e-03
 16   16   19   20  323    3.3044481401397602e-03
 16   16   19   20  324    2.2515102629088709e-03
 16   16   19   20  325    1.5512508985074472e-03
 16   16   19   20  326    1.4875571001994434e-03
 16   16   19   20  327   -3.7732530858596415e-04
 16   16   19   20  328    1.1451789959223756e-02
 16   16   19   20  329    1.2309634328415489e-02
 16   16   19   20  330   -3.2105483383132196e-03
 16   16   19   20  331    9.0095924446363298e-03
 16   16   19   20  332   -3.8942525452915363e-03
 16   16   19   20  333    2.8731041016787262e-03
 16   16   19   20  334    5.4982399375467558e-03
 16   16   19   20  335    9.3331303972847487e-03
 16   16   19   20  336   -1.5053849308920661e-03
 16   16   19   20  337   -1.6717019606079353e-03
 16   16   19   20  338   -2.3385535507083896e-03
 16   16   19   20  339   -2.0407420389699760e-03
 16   16   19   20  340   -7.4111095071306326e-03
 16   16   19   20  341    5.9315230157620949e-03
 16   16   19   20  342    1.4867616685092294e-02
 16   16   19   20  343   -8.5133048149229618e-03
 16   16   19   20  344    2.4103256337843857e-03
 16   16   19   20  345   -3.7567163301245403e-03
 16   16   19   20  346   -2.8465264381704264e-03
 16   16   19   20  347   -9.2282390253997631e-03
 16   16   19   20  348   -6.6880811779516398e-03
 16   16   19   20  349    4.7062568715836610e-03
 16   16   19   20  350   -6.6257500271518950e-04
 16   16   19   20  351    1.8137094146725217e-03
 16   16   19   20  352    2.7273944783975054e-03
 16   16   19   20  353    7.9006530710018178e-03
 16   16   19   20  354   -2.0299527533654721e-04
 16   16   19   20  355   -2.5744496700507596e-03
 16   16   19   20  356   -3.1034751297631157e-03
 16   16   19   20  357   -9.9672274444206257e-03
 16   16   19   20  358   -5.3105957394746113e-03
 16   16   19   20  359    4.2615636973776065e-03
 16   16   19   20  360    9.0817738415430779e-03
 16   16   19   20  361   -1.7516945873072001e-03
 16   16   19   20  362   -7.0014964909651169e-03
 16   16   19   20  363    4.4689502473645813e-03
 16   16   19   20  364    3.8442161822983259e-03
 16   16   19   20  365    1.3136346434143454e-02
 16   16   19   20  366    1.7198408665750564e-02
 16   16   19   20  367    6.3560661310847148e-04
 16   16   19   20  368   -2.4184199207027625e-03
 16   16   19   20  369    1.4970814441802776e-02
 16   16   19   20  370    1.8682358949455892e-03
 16   16   19   20  371    2.8140040986540551e-03
 16   16   19   20  372    1.8979562752163865e-03
 16   16   19   20  373    7.9182270151897070e-03
 16   16   19   20  374    1.3483306158201280e-03
 16   16   19   20  375   -4.4585804507835244e-03
 16   16   19   20  376   -4.0097356942339450e-03
 16   16   19   20  377   -6.7875926908085400e-03
 16   16   19   20  378   -5.4209328445841585e-03
 16   16   19   20  379   -1.2128926436928218e-02
 16   16   19   20  380   -4.8532259091375743e-03
 16   16   19   20  381   -3.0066065393628840e-03
 16   16   19   20  382    7.5184703732258480e-03
 16   16   19   20  383   -1.6295257226748786e-03
 16   16   19   20  384   -1.2524155473054948e-02
 16   16   19   20  385    4.8768645783294684e-03
 16   16   19   20  386    8.0926699426313396e-03
 16   16   19   20  387   -1.2272097795276705e-02
 16   16   19   20  388   -9.1494159590646412e-03
 16   16   19   20  389   -8.9857401463691571e-03
 16   16   19   20  390    2.0946469088906762e-03
 16   16   19   20  391   -4.1977551352244463e-03
 16   16   19   20  392   -7.1490697200431996e-03
 16   16   19   20  393   -3.4594967240577056e-03
 16   16   19   20  394    4.9038503730742047e-03
 16   16   19   20  395    9.7913813586280960e-03
 16   16   19   20  396    6.3346509634942920e-03
 16   16   19   20  397   -1.4395434694353005e-03
 16   16   19   20  398   -1.1855109047100845e-02
 16   16   19   20  399    6.4563789070957341e-03
 16   16   19   20  400    2.8313083809591564e-03
 16   16   19   20  401   -1.8140532647420722e-03
 16   16   19   20  402    2.7113228434884180e-03
 16   16   19   20  403    1.7293571149825824e-03
 16   16   19   20  404   -4.7307491744175475e-03
 16   16   19   20  405   -7.5903639253327602e-03
 16   16   19   20  406   -8.8293788269018791e-03
 16   16   19   20  407   -6.0218211685300017e-03
 16   16   19   20  408   -7.9295673329002579e-03
 16   16   19   20  409   -1.2133624180702773e-02
 16   16   19   20  410   -3.1787847504501122e-03
 16   16   19   20  411   -1.7103411828300508e-04
 16   16   19   20  412   -4.2360123059821580e-03
 16   16   19   20  413   -9.3981045978883940e-04
 16   16   19   20  414   -2.8848139761546705e-03
 17   17   19   20    0   -1.8434576001554688e-02
 17   17   19   20    1    1.2811401767711828e-02
 17   17   19   20    2   -6.2322277088823850e-03
 17   17   19   20    3    5.1095874690856649e-03
 17   17   19   20    4    4.8869463303127169e-03
 17   17   19   20    5    3.7591346078716509e-03
 17   17   19   20    6   -7.6044970606552933e-03
 17   17   19   20    7    2.3525642214281911e-02
 17   17   19   20    8    2.3402667443107542e-02
 17   17   19   20    9    1.4895750175761250e-02
 17   17   19   20   10    4.7781795756049470e-03
 17   17   19   20   11    5.1052036703327945e-03
 17   17   19   20   12    6.6938266066556605e-03
 17   17   19   20   13    1.0859389622559048e-02
 17   17   19   20   14    1.2221396238007755e-02
 17   17   19   20   15   -4.6557462670244430e-03
 17   17   19   20   16    6.4701388602759037e-03
 17   17   19   20   17   -3.9912244786398350e-03
 17   17   19   20   18   -4.9850751313847246e-03
 17   17   19   20   19   -1.8022491204524574e-03
 17   17   19   20   20   -2.3948804219740411e-03
 17   17   19   20   21    2.4208887499903357e-02
 17   17   19   20   22    5.5528305936414250e-03
 17   17   19   20   23    1.8736124429892718e-02
 17   17   19   20   24    1.1869674210717775e-02
 17   17   19   20   25   -7.7519813378569219e-03
 17   17   19   20   26   -8.8889730664602814e-03
 17   17   19   20   27    1.2841790584526882e-02
 17   17   19   20   28   -1.3049574232920490e-03
 17   17   19   20   29    7.0609143195363077e-03
 17   17   19   20   30    3.6695541505078429e-02
 17   17   19   20   31    5.7692038415162468e-02
 17   17   19   20   32    1.4860015091102776e-03
 17   17   19   20   33   -5.1482986279384260e-02
 17   17   19   20   34   -1.6313433251099449e-02
 17   17   19   20   35   -1.9158047498472809e-02
 17   17   19   20   36   -3.0303595620719225e-02
 17   17   19   20   37   -1.4517597088135823e-02
 17   17   19   20   38   -2.4567383062859003e-03
 17   17   19   20   39    9.5339008497870149e-05
 17   17   19   20   40    1.0958131597509119e-03
 17   17   19   20   41   -8.2422176831917354e-03
 17   17   19   20   42    2.5384996883694813e-03
 17   17   19   20   43   -2.6178718348740140e-03
 17   17   19   20   44   -5.8281245441461410e-03
 17   17   19   20   45    1.0139936126840738e-02
 17   17   19   20   46    7.6039927393262118e-03
 17   17   19   20   47    1.2673112092952438e-02
 17   17   19   20   48   -7.6280120251401187e-04
 17   17   19   20   49    1.3247598622684596e-02
 17   17   19   20   50    5.3522773228145964e-04
 17   17   19   20   51    1.2306928287841505e-03
 17   17   19   20   52    5.5328724613690362e-03
 17   17   19   20   53   -5.3656911767836733e-03
 17   17   19   20   54   -3.2215652454745964e-03
 17   17   19   20   55   -5.8701360974710926e-03
 17   17   19   20   56   -5.8636417248949437e-03
 17   17   19   20   57    8.5868437648623057e-03
 17   17   19   20   58    1.6876880188980368e-05
 17   17   19   20   59   -6.9380755758773876e-03
 17   17   19   20   60    2.1981833433916367e-02
 17   17   19   20   61   -5.6064933304703739e-03
 17   17   19   20   62    4.4551497746132505e-03
 17   17   19   20   63    1.5784025249557389e-02
 17   17   19   20   64    3.1113131353957754e-03
 17   17   19   20   65    3.6948792853008735e-03
 17   17   19   20   66    1.3677559681705304e-02
 17   17   19   20   67   -2.8981544499439610e-03
 17   17   19   20   68   -8.4810837533297878e-03
 17   17   19   20   69   -6.6998423739954120e-03
 17   17   19   20   70   -3.6909744463031090e-04
 17   17   19   20   71   -3.1664319536900483e-03
 17   17   19   20   72   -1.1804578529342509e-02
 17   17   19   20   73   -1.1072217322583337e-02
 17   17   19   20   74   -3.9740314931829184e-03
 17   17   19   20   75   -4.9148852426724784e-03
 17   17   19   20   76   -1.1427480041842209e-02
 17   17   19   20   77   -1.2497278388318985e-02
 17   17   19   20   78   -8.9058536604042539e-03
 17   17   19   20   79   -1.2124628594195308e-02
 17   17   19   20   80    4.6752987587668042e-03
 17   17   19   20   81    2.5241195176356110e-03
 17   17   19   20   82    8.8204587666372482e-03
 17   17   19   20   83   -3.9378914839231609e-03
 17   17   19   20   84    3.3929271120093120e-03
 17   17   19   20   85    1.1908427930936027e-02
 17   17   19   20   86   -4.0653868195207133e-03
 17   17   19   20   87   -5.6015503259910209e-03
 17   17   19   20   88    2.4149643391016581e-03
 17   17   19   20   89   -3.8679121535042595e-03
 17   17   19   20   90   -8.3788976548907455e-03
 17   17   19   20   91   -1.3659564646886436e-02
 17   17   19   20   92   -1.8012262220321963e-02
 17   17   19   20   93   -1.5046561343942106e-02
 17   17   19   20   94   -6.4393645799520035e-03
 17   17   19   20   95    3.7331864074130233e-03
 17   17   19   20   96    2.5219173950827706e-03
 17   17   19   20   97    4.4025296737121734e-03
 17   17   19   20   98   -5.6055914187606365e-03
 17   17   19   20   99    1.5267054574242796e-04
 17   17   19   20  100   -2.6294362897574127e-03
 17   17   19   20  101    1.4829276060524177e-02
 17   17   19   20  102   -4.5624141996120689e-03
 17   17   19   20  103    1.1031364447573574e-02
 17   17   19   20  104    1.1474845590699103e-02
 17   17   19   20  105    2.1857933987749580e-03
 17   17   19   20  106   -1.7404642407359730e-03
 17   17   19   20  107   -1.1973023288910589e-02
 17   17   19   20  108    5.7462734299837462e-03
 17   17   19   20  109    1.2971274053096773e-02
 17   17   19   20  110    2.2821047998143374e-02
 17   17   19   20  111    3.6631864377529902e-03
 17   17   19   20  112   -4.6355936997662783e-03
 17   17   19   20  113    2.4123018614530763e-02
 17   17   19   20  114    8.1498486928029603e-03
 17   17   19   20  115    6.0579123873633119e-03
 17   17   19   20  116   -1.2232617111474716e-02
 17   17   19   20  117   -1.3066001862695688e-02
 17   17   19   20  118    1.4559279854415493e-02
 17   17   19   20  119    2.7697537232924878e-03
 17   17   19   20  120    1.4223573668648650e-02
 17   17   19   20  121    8.8172104527644690e-03
 17   17   19   20  122   -2.6046695209726856e-03
 17   17   19   20  123    1.2614842375386182e-02
 17   17   19   20  124    2.6165149443146867e-03
 17   17   19   20  125    1.1611507063491171e-02
 17   17   19   20  126   -4.3843138288438051e-03
 17   17   19   20  127   -4.9805145265090093e-03
 17   17   19   20  128    2.4169882568019708e-02
 17   17   19   20  129    9.1076387368978207e-04
 17   17   19   20  130    1.6245496997359023e-02
 17   17   19   20  131    1.3986497187024461e-02
 17   17   19   20  132   -6.7630846135709258e-03
 17   17   19   20  133   -8.1000931490751455e-03
 17   17   19   20  134   -6.4441840744903379e-03
 17   17   19   20  135   -6.7674501374914934e-03
 17   17   19   20  136    8.4855634698074688e-03
 17   17   19   20  137   -5.8421827806339520e-03
 17   17   19   20  138    2.0891634350645949e-02
 17   17   19   20  139    1.1795014818023739e-02
 17   17   19   20  140    7.0449088545091187e-03
 17   17   19   20  141    2.3146828380338633e-02
 17   17   19   20  142   -4.7772481002054182e-03
 17   17   19   20  143   -1.2467518918863000e-02
 17   17   19   20  144   -1.5342604351881436e-02
 17   17   19   20  145   -6.6243049594582248e-03
 17   17   19   20  146   -4.4158971219554954e-03
 17   17   19   20  147    2.9740386623090327e-03
 17   17   19   20  148    5.4891770531634524e-03
 17   17   19   20  149    2.1897830333773405e-02
 17   17   19   20  150    7.3635902799500802e-03
 17   17   19   20  151    1.1796984333222908e-02
 17   17   19   20  152    3.5853861231676313e-03
 17   17   19   20  153   -8.0391753874274243e-03
 17   17   19   20  154   -1.7215395425318337e-03
 17   17   19   20  155   -2.2752416973032739e-02
 17   17   19   20  156   -1.8030575693381106e-02
 17   17   19   20  157   -1.9294482867626345e-04
 17   17   19   20  158   -2.1165636600992587e-02
 17   17   19   20  159   -4.4099251365681998e-03
 17   17   19   20  160    9.4776991450819525e-03
 17   17   19   20  161   -4.3600099235405650e-03
 17   17   19   20  162   -8.8789091301769724e-03
 17   17   19   20  163   -1.0086362749151642e-03
 17   17   19   20  164    1.5173072110631715e-02
 17   17   19   20  165   -3.4114438013575651e-02
 17   17   19   20  166   -2.0429454075527459e-02
 17   17   19   20  167    5.5847362013996017e-03
 17   17   19   20  168   -1.5833378105292555e-02
 17   17   19   20  169    7.7137625339853107e-03
 17   17   19   20  170    5.2202191718936320e-03
 17   17   19   20  171   -1.0051141741287082e-02
 17   17   19   20  172    7.9549089320367587e-03
 17   17   19   20  173   -3.9232598446104910e-03
 17   17   19   20  174    2.4027341137803845e-02
 17   17   19   20  175    5.1157825471530005e-01
 17   17   19   20  176   -5.9440855099587719e-01
 17   17   19   20  177   -1.7737437646655075e-02
 17   17   19   20  178    1.9048006389157118e-01
 17   17   19   20  179   -4.3120916709562931e-02
 17   17   19   20  180   -1.6383366641772961e-02
 17   17   19   20  181    1.2001568778890795e-02
 17   17   19   20  182    6.4516435669496547e-03
 17   17   19   20  183    1.1342827904040604e-02
 17   17   19   20  184    2.1112752818355078e-03
 17   17   19   20  185   -1.4012121903936555e-02
 17   17   19   20  186   -4.6583357557509319e-03
 17   17   19   20  187    5.1818912247785203e-04
 17   17   19   20  188    5.9432144509613590e-03
 17   17   19   20  189    2.1229164691143306e-03
 17   17   19   20  190   -6.8627699388457237e-03
 17   17   19   20  191   -7.0941858886771998e-03
 17   17   19   20  192   -5.7203349850504081e-03
 17   17   19   20  193    8.7617590326081254e-03
 17   17   19   20  194   -1.0323597964789474e-02
 17   17   19   20  195   -6.1735842295385542e-03
 17   17   19   20  196   -5.1387119150681964e-03
 17   17   19   20  197   -3.1899826364168555e-03
 17   17   19   20  198    3.4391511892668428e-03
 17   17   19   20  199    5.3550165854521960e-03
 17   17   19   20  200   -1.1802429378090373e-02
 17   17   19   20  201    4.1835677141197564e-03
 17   17   19   20  202    6.7485573413458965e-03
 17   17   19   20  203   -5.9289620801849883e-03
 17   17   19   20  204    5.2679399480054356e-03
 17   17   19   20  205    3.7171639124573157e-02
 17   17   19   20  206   -3.3510232915707788e-02
 17   17   19   20  207    3.0608152133749313e-05
 17   17   19   20  208    4.9951073411095984e-03
 17   17   19   20  209   -5.0979290798348975e-03
 17   17   19   20  210   -1.4523108236351384e-02
 17   17   19   20  211    7.6494948516758858e-03
 17   17   19   20  212   -5.0738237124413645e-03
 17   17   19   20  213    1.0367263772286001e-02
 17   17   19   20  214    5.0933988668296938e-03
 17   17   19   20  215    4.5176165090090887e-03
 17   17   19   20  216    1.2223474403733170e-02
 17   17   19   20  217   -7.7239030109036832e-03
 17   17   19   20  218   -5.3858145331839805e-03
 17   17   19   20  219    2.9807014194318158e-03
 17   17   19   20  220    1.3251586285278876e-02
 17   17   19   20  221    4.7315444488556461e-03
 17   17   19   20  222   -3.7319933098460298e-03
 17   17   19   20  223   -9.2215294469726625e-04
 17   17   19   20  224   -1.4148368944427111e-02
 17   17   19   20  225   -1.2649104753786907e-02
 17   17   19   20  226    1.6753841884935124e-02
 17   17   19   20  227    8.4625608585529553e-03
 17   17   19   20  228    4.0727962104152713e-05
 17   17   19   20  229   -1.1656489177104570e-02
 17   17   19   20  230   -5.3653643261076956e-03
 17   17   19   20  231   -1.4078705098593573e-03
 17   17   19   20  232   -1.5734628825981030e-03
 17   17   19   20  233   -1.5825484780860464e-02
 17   17   19   20  234    2.1186847610875576e-03
 17   17   19   20  235    2.3324842795298100e-02
 17   17   19   20  236    2.9489284356383662e-04
 17   17   19   20  237    9.2216920221766426e-03
 17   17   19   20  238   -7.5902250255037024e-03
 17   17   19   20  239   -1.8128404394432206e-02
 17   17   19   20  240    1.3950337247753833e-02
 17   17   19   20  241    1.2479619293366991e-02
 17   17   19   20  242   -1.6687143796653366e-02
 17   17   19   20  243   -5.1265444618502692e-03
 17   17   19   20  244   -1.7837576343698446e-02
 17   17   19   20  245    1.1711826201285089e-03
 17   17   19   20  246    9.5619769514895345e-03
 17   17   19   20  247   -1.8534280745426553e-03
 17   17   19   20  248   -1.2032668030393706e-02
 17   17   19   20  249   -1.5407156543179168e-02
 17   17   19   20  250    1.1906089506865499e-02
 17   17   19   20  251    4.7879600261959294e-04
 17   17   19   20  252    8.3083265281497926e-03
 17   17   19   20  253    3.5440383984323225e-03
 17   17   19   20  254   -1.5834325476062391e-02
 17   17   19   20  255    2.2016935952205531e-02
 17   17   19   20  256    2.1441167344336029e-02
 17   17   19   20  257   -1.1134199021567525e-02
 17   17   19   20  258   -3.3635214803375821e-04
 17   17   19   20  259    1.3895588717894064e-02
 17   17   19   20  260    9.2505696717596949e-03
 17   17   19   20  261    3.9730377332448325e-03
 17   17   19   20  262   -1.0789519627408683e-02
 17   17   19   20  263   -6.6950121733721476e-03
 17   17   19   20  264    7.5791153463337403e-03
 17   17   19   20  265    1.1242295806964779e-02
 17   17   19   20  266   -2.2324400308470313e-02
 17   17   19   20  267    3.6481818125593049e-03
 17   17   19   20  268   -4.0576820236592342e-03
 17   17   19   20  269   -1.2737708161110743e-02
 17   17   19   20  270    2.4909913108399190e-03
 17   17   19   20  271   -8.8100764247877692e-03
 17   17   19   20  272    9.2896009920295612e-03
 17   17   19   20  273   -1.0768309548211657e-02
 17   17   19   20  274   -1.1803624438706707e-02
 17   17   19   20  275   -1.0888819373878540e-02
 17   17   19   20  276   -8.4910174732185945e-03
 17   17   19   20  277   -5.2522354773262680e-03
 17   17   19   20  278   -8.6302529766893316e-03
 17   17   19   20  279    1.0484456279680168e-02
 17   17   19   20  280    1.7018350802739283e-02
 17   17   19   20  281    4.6238191578051010e-03
 17   17   19   20  282    4.7154225507487924e-03
 17   17   19   20  283    2.4345215632972872e-04
 17   17   19   20  284   -1.3651663884265319e-02
 17   17   19   20  285    1.6240933040129749e-02
 17   17   19   20  286    2.0471926601286602e-02
 17   17   19   20  287    2.7111514706890812e-03
 17   17   19   20  288    1.2829406487514293e-02
 17   17   19   20  289    1.0530875275595394e-02
 17   17   19   20  290   -4.2342619770333219e-03
 17   17   19   20  291   -5.0115006779964067e-03
 17   17   19   20  292   -9.6700016275233849e-03
 17   17   19   20  293    7.1829147926478713e-03
 17   17   19   20  294    1.4098099465698455e-02
 17   17   19   20  295    2.5763240463451714e-02
 17   17   19   20  296    5.8830890966273062e-03
 17   17   19   20  297   -3.9271294466058050e-03
 17   17   19   20  298    6.9024549843396364e-03
 17   17   19   20  299    4.5681901682236232e-03
 17   17   19   20  300   -1.1277322337763344e-02
 17   17   19   20  301   -1.3347164110674520e-02
 17   17   19   20  302    2.1083219317614550e-02
 17   17   19   20  303    6.5321576217888836e-03
 17   17   19   20  304    5.9249346748338570e-03
 17   17   19   20  305   -1.8028926770107270e-02
 17   17   19   20  306   -2.0837837901340181e-02
 17   17   19   20  307    1.9567942603967874e-02
 17   17   19   20  308   -8.2960303576690379e-03
 17   17   19   20  309    2.7522836413601528e-03
 17   17   19   20  310    3.5676245966271784e-03
 17   17   19   20  311   -1.7016480130567883e-02
 17   17   19   20  312    4.2029410718788882e-03
 17   17   19   20  313    6.9110525730308346e-03
 17   17   19   20  314   -2.0544419590891989e-02
 17   17   19   20  315    8.7997877186899321e-03
 17   17   19   20  316    2.2721095038844712e-02
 17   17   19   20  317    3.4093540538933358e-03
 17   17   19   20  318    1.6237543621054656e-02
 17   17   19   20  319    1.9761332262768810e-02
 17   17   19   20  320    4.8770754732926991e-03
 17   17   19   20  321    1.5018011870317885e-02
 17   17   19   20  322    4.6366084163989131e-03
 17   17   19   20  323    1.1950106663050181e-02
 17   17   19   20  324    1.4932802461083255e-02
 17   17   19   20  325    1.3686553715785208e-02
 17   17   19   20  326   -8.8514011218498514e-03
 17   17   19   20  327    9.6288711161759862e-03
 17   17   19   20  328    1.3011535990490156e-02
 17   17   19   20  329    1.6776245403991235e-02
 17   17   19   20  330   -4.4347249520805977e-03
 17   17   19   20  331    8.5472193751940609e-04
 17   17   19   20  332    2.4693589970287980e-02
 17   17   19   20  333    9.4639966190185453e-03
 17   17   19   20  334    3.2999667283711387e-03
 17   17   19   20  335    1.0209339187075145e-02
 17   17   19   20  336   -3.6989084623844926e-03
 17   17   19   20  337    2.7024099343094198e-02
 17   17   19   20  338    5.8448308633942325e-03
 17   17   19   20  339    4.7742524968900357e-03
 17   17   19   20  340   -3.0812882783526983e-03
 17   17   19   20  341   -4.8120697595325492e-03
 17   17   19   20  342    3.0400224616266760e-03
 17   17   19   20  343   -2.7863526309828621e-03
 17   17   19   20  344   -1.2699675385278185e-02
 17   17   19   20  345    1.4656527296306302e-03
 17   17   19   20  346    2.2932259327674322e-02
 17   17   19   20  347   -2.0499037997176736e-03
 17   17   19   20  348    1.4156495295218036e-02
 17   17   19   20  349    1.3531218313069190e-02
 17   17   19   20  350   -6.0744995263766676e-03
 17   17   19   20  351    6.8548393435692917e-03
 17   17   19   20  352    9.3582867363498599e-03
 17   17   19   20  353    2.4299567402051331e-02
 17   17   19   20  354    7.8078233000359919e-03
 17   17   19   20  355    1.5965987325739402e-02
 17   17   19   20  356   -1.1493210072707623e-02
 17   17   19   20  357   -1.7371030167127519e-02
 17   17   19   20  358   -1.8317665044935986e-02
 17   17   19   20  359    3.7173568389480818e-03
 17   17   19   20  360    1.8076818083177425e-02
 17   17   19   20  361    4.5270240055237110e-03
 17   17   19   20  362    1.2676080263598299e-02
 17   17   19   20  363   -1.3908295884885834e-02
 17   17   19   20  364   -8.7646527422193393e-03
 17   17   19   20  365   -3.6674488556180527e-04
 17   17   19   20  366    1.3097941118500520e-02
 17   17   19   20  367    2.5600125553824425e-02
 17   17   19   20  368    6.1429972717418685e-03
 17   17   19   20  369    9.1965279840834375e-03
 17   17   19   20  370    5.2659101832678535e-03
 17   17   19   20  371   -1.1121128272322854e-02
 17   17   19   20  372    5.8871599524906821e-03
 17   17   19   20  373    1.3945474876751018e-02
 17   17   19   20  374   -5.5532061942842308e-03
 17   17   19   20  375    1.4644242047724673e-02
 17   17   19   20  376    2.4336958645233209e-02
 17   17   19   20  377   -1.7840015477946190e-02
 17   17   19   20  378    2.7976277106879235e-03
 17   17   19   20  379    5.8981518888605072e-04
 17   17   19   20  380   -1.0620021556924731e-03
 17   17   19   20  381    1.0590007542938458e-02
 17   17   19   20  382    4.6466827942296892e-04
 17   17   19   20  383   -3.2462053266210794e-03
 17   17   19   20  384   -1.7859787184550023e-02
 17   17   19   20  385    6.1721455271896960e-03
 17   17   19   20  386   -9.3472002951212017e-03
 17   17   19   20  387   -2.7813784824799043e-02
 17   17   19   20  388   -1.2015755521784991e-02
 17   17   19   20  389   -9.8143327954559982e-03
 17   17   19   20  390   -1.9087933704608165e-03
 17   17   19   20  391   -1.1543720948299139e-02
 17   17   19   20  392   -4.6504216798186624e-03
 17   17   19   20  393   -9.9140889998828498e-03
 17   17   19   20  394   -7.5770245153873356e-04
 17   17   19   20  395    7.9254204942274063e-03
 17   17   19   20  396    3.2228685834453565e-03
 17   17   19   20  397   -1.0569856641984057e-04
 17   17   19   20  398   -1.3537666642347746e-02
 17   17   19   20  399    9.1988712510668296e-03
 17   17   19   20  400    1.5930947551762928e-02
 17   17   19   20  401   -4.7807818167691207e-03
 17   17   19   20  402   -1.5889427405350799e-02
 17   17   19   20  403   -8.7821582945646556e-03
 17   17   19   20  404   -1.3073699106718567e-02
 17   17   19   20  405    1.0622035615713045e-02
 17   17   19   20  406    1.7754774719784303e-02
 17   17   19   20  407   -2.0371915715908708e-02
 17   17   19   20  408   -1.4509806377793765e-02
 17   17   19   20  409   -1.7429963238563575e-02
 17   17   19   20  410    5.2138417486635360e-03
 17   17   19   20  411    1.7011691696482541e-02
 17   17   19   20  412   -1.0750414415237294e-02
 17   17   19   20  413   -7.3362073673529000e-04
 17   17   19   20  414   -2.3097391960274286e-02
 17   17   21   22    0   -1.0205061396740068e-02
 17   17   21   22    1    2.3289801614767614e-02
 17   17   21   22    2   -8.4548839529002273e-03
 17   17   21   22    3    2.1487811667884988e-04
 17   17   21   22    4    2.7281282420425711e-03
 17   17   21   22    5    1.7663346338078845e-03
 17   17   21   22    6   -5.0488658088039340e-03
 17   17   21   22    7    2.0945455945530350e-02
 17   17   21   22    8    1.7776103955986590e-02
 17   17   21   22    9    1.0913162889792683e-02
 17   17   21   22   10    2.6668155712339025e-03
 17   17   21   22   11    5.0896547002648946e-03
 17   17   21   22   12    5.7502232845184961e-03
 17   17   21   22   13    8.8195689377227604e-03
 17   17   21   22   14    8.6164699129265224e-03
 17   17   21   22   15    4.0694724381973970e-03
 17   17   21   22   16    1.0544052720437079e-03
 17   17   21   22   17   -6.0508336182454030e-03
 17   17   21   22   18    3.2153534706792128e-03
 17   17   21   22   19   -9.1015650092483973e-06
 17   17   21   22   20   -5.7772078897254499e-03
 17   17   21   22   21    2.3711154838044129e-02
 17   17   21   22   22    2.2122955777342415e-03
 17   17   21   22   23    1.4685491992711120e-02
 17   17   21   22   24    9.6160637789149198e-03
 17   17   21   22   25   -9.1289510078103372e-03
 17   17   21   22   26   -9.6366949530169825e-03
 17   17   21   22   27    1.0727083041425554e-02
 17   17   21   22   28    5.0044175641704501e-04
 17   17   21   22   29    5.5196091825186217e-03
 17   17   21   22   30    2.7811308891797112e-02
 17   17   21   22   31    6.7931688514350677e-02
 17   17   21   22   32    2.5125781038115758e-03
 17   17   21   22   33   -5.3235026063976440e-02
 17   17   21   22   34   -9.4164110423826455e-03
 17   17   21   22   35   -1.4567499904009386e-02
 17   17   21   22   36   -3.4715593729247714e-02
 17   17   21   22   37   -1.0515111110511883e-02
 17   17   21   22   38   -9.4893665314909747e-04
 17   17   21   22   39    7.1662293681087072e-04
 17   17   21   22   40   -4.0266035991362225e-03
 17   17   21   22   41   -6.2592336993514408e-03
 17   17   21   22   42    3.4106321468981068e-03
 17   17   21   22   43   -6.6091165268811311e-04
 17   17   21   22   44   -2.9844476908636687e-03
 17   17   21   22   45    1.7613617924331151e-02
 17   17   21   22   46    1.9584145103980564e-02
 17   17   21   22   47    8.2850032955413336e-03
 17   17   21   22   48    1.4030188167360942e-02
 17   17   21   22   49    1.3604395176518687e-02
 17   17   21   22   50   -1.0841037702474608e-03
 17   17   21   22   51    6.8615267295086555e-03
 17   17   21   22   52    5.7966029894994898e-03
 17   17   21   22   53   -4.7914610857996958e-03
 17   17   21   22   54   -1.6345096722283300e-03
 17   17   21   22   55   -3.8939094896497384e-03
 17   17   21   22   56   -3.7473675748142263e-03
 17   17   21   22   57    6.6957813830977450e-03
 17   17   21   22   58    3.4578292032096556e-03
 17   17   21   22   59   -4.7061185200871231e-03
 17   17   21   22   60    1.4022022007557224e-02
 17   17   21   22   61    1.8862505901641048e-03
 17   17   21   22   62   -1.7472340152106189e-03
 17   17   21   22   63    2.0247442915875036e-02
 17   17   21   22   64    6.3501279941263105e-03
 17   17   21   22   65    7.8243553172551664e-04
 17   17   21   22   66    1.4780579252706436e-02
 17   17   21   22   67   -2.0560853745554383e-04
 17   17   21   22   68   -6.5872259538696468e-03
 17   17   21   22   69   -3.3297829686325525e-03
 17   17   21   22   70    5.9145467102606659e-03
 17   17   21   22   71   -5.2213778568034408e-03
 17   17   21   22   72   -1.2479553455186062e-02
 17   17   21   22   73   -6.8471224849449485e-03
 17   17   21   22   74   -2.6301590979552229e-03
 17   17   21   22   75   -5.5187044807006617e-03
 17   17   21   22   76   -7.7030063598953627e-03
 17   17   21   22   77   -1.0979779892222161e-02
 17   17   21   22   78   -1.2097561930464882e-02
 17   17   21   22   79   -6.6122501904605138e-03
 17   17   21   22   80    6.1719519664434211e-03
 17   17   21   22   81    1.2097317788241939e-03
 17   17   21   22   82    1.0659985604569934e-02
 17   17   21   22   83   -6.6125632833141882e-03
 17   17   21   22   84    3.9365749527233854e-03
 17   17   21   22   85    7.3964109400639164e-03
 17   17   21   22   86   -1.8972766196217634e-03
 17   17   21   22   87   -8.0815738392454803e-03
 17   17   21   22   88    5.7383008164931118e-03
 17   17   21   22   89   -1.4331285647062614e-03
 17   17   21   22   90   -2.1007096697462754e-03
 17   17   21   22   91   -6.8653520008408516e-03
 17   17   21   22   92   -1.1946839699758046e-02
 17   17   21   22   93   -6.2894405543764730e-03
 17   17   21   22   94   -1.7846556596633502e-03
 17   17   21   22   95    4.2353147839306656e-03
 17   17   21   22   96    4.6384376845360186e-03
 17   17   21   22   97    5.3161853598421363e-03
 17   17   21   22   98   -5.1462984752657058e-03
 17   17   21   22   99    4.4868235713976272e-03
 17   17   21   22  100   -1.2469194412011229e-03
 17   17   21   22  101    1.1390646983406858e-02
 17   17   21   22  102   -4.9056450594198928e-03
 17   17   21   22  103    1.2072437017102405e-02
 17   17   21   22  104    1.1216995694460356e-02
 17   17   21   22  105    1.9004940522607942e-03
 17   17   21   22  106   -3.3740683069469262e-03
 17   17   21   22  107   -9.8855456187637615e-03
 17   17   21   22  108    5.8156129743561708e-03
 17   17   21   22  109    9.8316605286478589e-03
 17   17   21   22  110    1.1986107698815883e-02
 17   17   21   22  111   -2.3820158796619144e-03
 17   17   21   22  112   -4.5995161020109211e-03
 17   17   21   22  113    1.6177673201973216e-02
 17   17   21   22  114    4.6009968874271868e-03
 17   17   21   22  115   -1.5234766043152744e-03
 17   17   21   22  116   -1.0825645555373702e-02
 17   17   21   22  117   -7.5973713899828823e-03
 17   17   21   22  118    1.1952089200525328e-02
 17   17   21   22  119    2.3723579426266875e-03
 17   17   21   22  120    8.4491099088009527e-03
 17   17   21   22  121    4.1353024985786614e-03
 17   17   21   22  122   -4.4292406520955637e-04
 17   17   21   22  123    5.8764387967457565e-03
 17   17   21   22  124    4.4068951634920398e-04
 17   17   21   22  125    6.8295714856401327e-03
 17   17   21   22  126   -3.3575524572206561e-03
 17   17   21   22  127   -3.2122552515376065e-03
 17   17   21   22  128    2.4618407242102638e-02
 17   17   21   22  129    4.2726232398115349e-03
 17   17   21   22  130    8.9559874594815417e-03
 17   17   21   22  131    9.8218841619334869e-03
 17   17   21   22  132   -1.3994220995605592e-03
 17   17   21   22  133   -5.7145731842554916e-03
 17   17   21   22  134   -4.8581247036022243e-03
 17   17   21   22  135   -2.3985466136527741e-03
 17   17   21   22  136    6.9094137531224148e-03
 17   17   21   22  137   -2.4727811424031165e-03
 17   17   21   22  138    1.5525268379584354e-02
 17   17   21   22  139    1.2059072442247914e-02
 17   17   21   22  140    4.5482401581223254e-03
 17   17   21   22  141    1.6475809376174745e-02
 17   17   21   22  142   -1.1278635757807178e-03
 17   17   21   22  143   -9.6120067233123069e-03
 17   17   21   22  144   -1.1766460623861760e-02
 17   17   21   22  145   -8.1425398535433270e-03
 17   17   21   22  146   -7.2979847164056279e-04
 17   17   21   22  147    1.7921145045377953e-03
 17   17   21   22  148    2.6160103256023292e-03
 17   17   21   22  149    1.7784563432045934e-02
 17   17   21   22  150    8.7639834633056607e-03
 17   17   21   22  151    1.0906327600529123e-02
 17   17   21   22  152    3.8324009123495116e-03
 17   17   21   22  153   -6.8362550310548257e-03
 17   17   21   22  154   -9.0611093648820988e-05
 17   17   21   22  155   -1.2294405567740712e-02
 17   17   21   22  156   -1.3807649839740184e-02
 17   17   21   22  157   -2.7772240225831788e-03
 17   17   21   22  158   -1.4920534842242966e-02
 17   17   21   22  159   -7.5423477930622101e-04
 17   17   21   22  160    1.0830677166827641e-02
 17   17   21   22  161    5.1581621761705950e-05
 17   17   21   22  162   -4.8457515370736942e-03
 17   17   21   22  163    5.0408927892677381e-04
 17   17   21   22  164    1.5276633844859255e-02
 17   17   21   22  165   -2.2232594580428443e-02
 17   17   21   22  166   -1.5089682875078924e-02
 17   17   21   22  167    2.0841976726252696e-03
 17   17   21   22  168   -1.0821456714178487e-02
 17   17   21   22  169    4.8300370216347536e-03
 17   17   21   22  170    8.6788214019455842e-03
 17   17   21   22  171   -4.1239684410184505e-03
 17   17   21   22  172    3.8231499507636901e-03
 17   17   21   22  173   -2.2280628674995846e-03
 17   17   21   22  174    2.0792566659890033e-02
 17   17   21   22  175    4.9789345726120349e-01
 17   17   21   22  176   -5.8058915138970035e-01
 17   17   21   22  177   -1.5443591640259437e-02
 17   17   21   22  178    1.8289418086751338e-01
 17   17   21   22  179   -4.0670097183196412e-02
 17   17   21   22  180   -1.5733493134880039e-02
 17   17   21   22  181    8.4758685679730932e-03
 17   17   21   22  182    9.2085913536340599e-03
 17   17   21   22  183    7.8950116368412624e-03
 17   17   21   22  184    9.7366284710117916e-04
 17   17   21   22  185   -1.1879946657434248e-02
 17   17   21   22  186   -5.8511527288153588e-03
 17   17   21   22  187    3.8572680127684890e-03
 17   17   21   22  188    5.0030967395944493e-03
 17   17   21   22  189    9.2910001279072299e-04
 17   17   21   22  190   -2.5994998379486327e-04
 17   17   21   22  191   -6.7857069108923605e-03
 17   17   21   22  192   -2.6154294464765487e-03
 17   17   21   22  193    9.3110969782920182e-03
 17   17   21   22  194   -7.6999481035835392e-03
 17   17   21   22  195   -6.8519990253857440e-03
 17   17   21   22  196   -5.4899624053526244e-04
 17   17   21   22  197   -1.4050437811703219e-03
 17   17   21   22  198    4.8269868778224581e-03
 17   17   21   22  199    5.8127745944776561e-03
 17   17   21   22  200   -8.8425251233482209e-03
 17   17   21   22  201    1.4717005134236251e-03
 17   17   21   22  202    5.0601959344193977e-03
 17   17   21   22  203   -4.5087497336847105e-03
 17   17   21   22  204    2.7446066439281392e-03
 17   17   21   22  205    3.9127834936490344e-02
 17   17   21   22  206   -2.1105271024792635e-02
 17   17   21   22  207   -2.0133441559902245e-03
 17   17   21   22  208    2.3594387757193097e-03
 17   17   21   22  209   -4.5813199331403813e-03
 17   17   21   22  210   -1.2799925522919369e-02
 17   17   21   22  211    1.1871270049215354e-02
 17   17   21   22  212   -5.0834633184716023e-04
 17   17   21   22  213    6.4110932831047025e-03
 17   17   21   22  214    4.0416558898975280e-03
 17   17   21   22  215    2.4706441794227103e-03
 17   17   21   22  216    4.4729375354520930e-03
 17   17   21   22  217   -6.8092447121382597e-03
 17   17   21   22  218   -4.9440727880326911e-03
 17   17   21   22  219   -1.1575917762713626e-03
 17   17   21   22  220    1.4323230573322260e-02
 17   17   21   22  221   -1.4646307900929841e-03
 17   17   21   22  222   -2.9695153307248735e-03
 17   17   21   22  223    2.9844576461113700e-03
 17   17   21   22  224   -1.1854779021013274e-02
 17   17   21   22  225   -1.2176233210530971e-02
 17   17   21   22  226    1.4101375078952550e-02
 17   17   21   22  227    7.1304100743718370e-03
 17   17   21   22  228    4.3415236987455230e-04
 17   17   21   22  229   -6.0903501690992906e-03
 17   17   21   22  230   -6.0968098845984066e-03
 17   17   21   22  231   -3.6396594086366800e-03
 17   17   21   22  232   -3.5346753788654994e-03
 17   17   21   22  233   -1.2671095772418230e-02
 17   17   21   22  234    3.5283239878608338e-03
 17   17   21   22  235    3.0167157320222106e-02
 17   17   21   22  236   -9.5566255723754344e-03
 17   17   21   22  237    1.9080734488017510e-02
 17   17   21   22  238   -3.5890178701500266e-03
 17   17   21   22  239   -1.8549719129106180e-02
 17   17   21   22  240    5.9597360764940465e-03
 17   17   21   22  241    1.2380280264671317e-02
 17   17   21   22  242   -1.6628540841803780e-02
 17   17   21   22  243   -5.8441100637828492e-03
 17   17   21   22  244   -1.4069267058874593e-02
 17   17   21   22  245   -8.5731698352056165e-04
 17   17   21   22  246    9.6554858593361284e-03
 17   17   21   22  247   -1.6264307994762659e-03
 17   17   21   22  248   -1.0299978576311042e-02
 17   17   21   22  249   -1.0881084302587692e-02
 17   17   21   22  250    1.4517342024070009e-02
 17   17   21   22  251   -5.5668982504007347e-03
 17   17   21   22  252    4.3944983971050469e-03
 17   17   21   22  253    5.7674270209542907e-03
 17   17   21   22  254   -1.5002451477682590e-02
 17   17   21   22  255    1.4470579466112131e-02
 17   17   21   22  256    1.8780095086776621e-02
 17   17   21   22  257   -1.0620225527341921e-02
 17   17   21   22  258   -3.7105362239527170e-03
 17   17   21   22  259    1.2753352624693284e-02
 17   17   21   22  260    7.0869012142621996e-03
 17   17   21   22  261    1.0644957289871681e-03
 17   17   21   22  262   -1.0133253800161208e-02
 17   17   21   22  263   -5.4695505066293428e-03
 17   17   21   22  264    4.7797750879436619e-03
 17   17   21   22  265    1.1354293435880678e-02
 17   17   21   22  266   -2.3883132201427569e-03
 17   17   21   22  267   -1.5382189333134710e-03
 17   17   21   22  268   -1.0267718555384353e-02
 17   17   21   22  269   -1.6847973865569806e-02
 17   17   21   22  270   -2.1573896170315127e-03
 17   17   21   22  271   -2.7355465680303096e-03
 17   17   21   22  272    2.8001458360154287e-03
 17   17   21   22  273   -9.0925195082136850e-03
 17   17   21   22  274   -9.4510668038747230e-03
 17   17   21   22  275   -1.2659526251722175e-02
 17   17   21   22  276   -2.5177644701484567e-03
 17   17   21   22  277   -1.0961992502316617e-03
 17   17   21   22  278   -7.2513123340336915e-03
 17   17   21   22  279    1.2832355374401814e-02
 17   17   21   22  280    2.3841338201136219e-02
 17   17   21   22  281    2.1360986029377175e-03
 17   17   21   22  282    6.8316927758255413e-03
 17   17   21   22  283    2.4692389842118530e-03
 17   17   21   22  284   -1.2192079853138880e-02
 17   17   21   22  285    1.6042397726569152e-02
 17   17   21   22  286    2.0133174829455057e-02
 17   17   21   22  287    1.4972609349845143e-03
 17   17   21   22  288    1.2761968108362024e-02
 17   17   21   22  289    7.7604354754751952e-03
 17   17   21   22  290    2.8404115527949901e-03
 17   17   21   22  291   -4.4139008674604005e-03
 17   17   21   22  292   -6.3943435060475140e-03
 17   17   21   22  293    8.8152471474998301e-03
 17   17   21   22  294    1.0187861593778942e-02
 17   17   21   22  295    2.9115102106112598e-02
 17   17   21   22  296    2.5276104681598802e-03
 17   17   21   22  297   -2.5656999896137194e-03
 17   17   21   22  298    1.5941279444417717e-02
 17   17   21   22  299    6.7964002253697979e-04
 17   17   21   22  300   -1.0060491038340792e-02
 17   17   21   22  301   -4.7524784167262005e-03
 17   17   21   22  302    1.2995636686026740e-02
 17   17   21   22  303    1.4040379868905434e-03
 17   17   21   22  304    3.1245875550412138e-03
 17   17   21   22  305   -1.7740516455652597e-02
 17   17   21   22  306   -1.3663292820596189e-02
 17   17   21   22  307    1.3126900909499944e-02
 17   17   21   22  308   -9.5583024913636159e-03
 17   17   21   22  309    3.6966516896605097e-03
 17   17   21   22  310    8.9739362946342183e-04
 17   17   21   22  311   -1.3384356400648533e-02
 17   17   21   22  312    3.7658879801784439e-03
 17   17   21   22  313    7.3728344502978502e-03
 17   17   21   22  314   -1.7363336693462340e-02
 17   17   21   22  315    5.7739897035865269e-03
 17   17   21   22  316    1.9192780806002844e-02
 17   17   21   22  317   -1.6883634736036693e-03
 17   17   21   22  318    1.1808189084637046e-02
 17   17   21   22  319    1.8138839317714938e-02
 17   17   21   22  320    2.5396809592602098e-03
 17   17   21   22  321    7.3210158797446714e-03
 17   17   21   22  322    4.3158397933500603e-03
 17   17   21   22  323    1.0064808773119039e-02
 17   17   21   22  324    1.4083940808316852e-02
 17   17   21   22  325    6.8919459084084743e-03
 17   17   21   22  326   -8.0890395458494534e-03
 17   17   21   22  327    9.0356279525358688e-03
 17   17   21   22  328    1.7296557725321841e-02
 17   17   21   22  329    1.5430299701837289e-02
 17   17   21   22  330   -3.8170402486278803e-03
 17   17   21   22  331    3.9198813321838523e-04
 17   17   21   22  332    1.2797897182866785e-02
 17   17   21   22  333    7.3555056597446522e-03
 17   17   21   22  334    4.1730455858086891e-03
 17   17   21   22  335    4.8168077944727673e-03
 17   17   21   22  336    1.4119070132470942e-03
 17   17   21   22  337    1.9444713923030869e-02
 17   17   21   22  338   -2.6091777704872013e-05
 17   17   21   22  339    7.1105936265695177e-03
 17   17   21   22  340    5.6018798401219309e-04
 17   17   21   22  341   -3.1329247370712027e-03
 17   17   21   22  342    3.4984423378126390e-03
 17   17   21   22  343   -2.4601758131032256e-03
 17   17   21   22  344   -1.2984083711742898e-02
 17   17   21   22  345    1.3252908231899646e-03
 17   17   21   22  346    1.9551733769625924e-02
 17   17   21   22  347   -1.0045223935428956e-03
 17   17   21   22  348    1.0083974800180202e-02
 17   17   21   22  349    8.6315042204195540e-03
 17   17   21   22  350   -1.2624149168804092e-03
 17   17   21   22  351    4.1570356415746535e-03
 17   17   21   22  352    9.5987452989142897e-03
 17   17   21   22  353    2.0443841600625217e-02
 17   17   21   22  354    3.2425683899404644e-03
 17   17   21   22  355    1.2638549935500360e-02
 17   17   21   22  356   -1.5615891960748703e-02
 17   17   21   22  357   -1.3536386991172638e-02
 17   17   21   22  358   -1.2847064625718756e-02
 17   17   21   22  359   -2.3032955143698804e-03
 17   17   21   22  360    1.1236382771811002e-02
 17   17   21   22  361    4.7425804138791113e-03
 17   17   21   22  362    8.1840867363564621e-03
 17   17   21   22  363   -9.4392095646790262e-03
 17   17   21   22  364   -6.8010589988650658e-03
 17   17   21   22  365   -3.3630492454573683e-03
 17   17   21   22  366    9.0183708038694722e-03
 17   17   21   22  367    1.7409346050166467e-02
 17   17   21   22  368    1.0189999453478317e-03
 17   17   21   22  369    1.2148824563549558e-02
 17   17   21   22  370    9.1865384951374373e-03
 17   17   21   22  371   -1.0541142850041270e-02
 17   17   21   22  372    5.6447105864822107e-03
 17   17   21   22  373    1.2053777051399069e-02
 17   17   21   22  374   -9.5391073990804230e-03
 17   17   21   22  375    1.1796423541809639e-02
 17   17   21   22  376    2.3150382181416938e-02
 17   17   21   22  377   -1.5841068051069909e-02
 17   17   21   22  378    1.6378384372059351e-03
 17   17   21   22  379    4.3715869203070134e-04
 17   17   21   22  380    3.9748224974593838e-03
 17   17   21   22  381    1.0865271134499950e-02
 17   17   21   22  382    3.8157091204006123e-03
 17   17   21   22  383   -3.5040508638399881e-03
 17   17   21   22  384   -1.3714401206236234e-02
 17   17   21   22  385    4.7047221725093832e-03
 17   17   21   22  386   -1.1973218627274301e-02
 17   17   21   22  387   -2.0962789531258193e-02
 17   17   21   22  388   -8.0589244834073787e-03
 17   17   21   22  389   -7.9044985178683084e-03
 17   17   21   22  390   -3.7458742451524124e-03
 17   17   21   22  391   -9.8941131197086123e-03
 17   17   21   22  392   -5.0939871223811221e-03
 17   17   21   22  393   -5.8780744982140217e-03
 17   17   21   22  394   -1.4062577560061452e-03
 17   17   21   22  395    3.8235207476967413e-03
 17   17   21   22  396    4.1457876820410553e-03
 17   17   21   22  397   -3.7343860386981394e-03
 17   17   21   22  398   -1.3504317366111629e-02
 17   17   21   22  399    9.2460036138418047e-03
 17   17   21   22  400    1.4202122451554184e-02
 17   17   21   22  401   -7.7971777443460143e-03
 17   17   21   22  402   -1.2754407680575964e-02
 17   17   21   22  403   -6.3067905393971923e-03
 17   17   21   22  404   -1.5112604229014304e-02
 17   17   21   22  405    6.1291208119418975e-03
 17   17   21   22  406    1.5556127808323741e-02
 17   17   21   22  407   -1.6856225173409376e-02
 17   17   21   22  408   -1.5406920422419017e-02
 17   17   21   22  409   -1.1613675364476278e-02
 17   17   21   22  410    3.1774479450711801e-03
 17   17   21   22  411    1.1647217312838305e-02
 17   17   21   22  412   -5.3954373628336176e-03
 17   17   21   22  413   -2.2976461036187151e-03
 17   17   21   22  414   -1.8746194804165933e-02
